33 36 27 15 43 35 36 42 49 21 12 27 
40 9 13 26 40 26 22 36 11 18 17 29 
32 30 12 23 17 35 29 2 22 8 19 17 
43 6 11 42 29 23 21 19 34 37 48 24 
15 20 13 26 41 30 6 23 12 20 46 31 
5 25 34 27 36 5 46 29 13 7 24 45 
32 45 14 17 34 14 43 0 37 8 26 28 
38 34 3 1 4 49 32 10 26 18 39 12 
26 36 44 39 45 20 34 28 17 1 47 2 
17 42 2 6 1 30 36 41 15 39 44 19 
40 29 31 17 47 21 31 25 9 27 17 6 
47 3 36 15 6 33 19 24 28 21 32 29 
3 19 20 18 8 15 40 49 46 23 18 45 
46 1 21 5 29 38 14 28 41 0 43 0 
34 14 24 14 37 6 43 41 27 15 9 36 
32 1 37 28 25 7 24 21 8 45 29 37 
35 43 18 28 43 11 28 29 26 4 43 13 
13 38 6 40 4 18 28 38 19 17 17 46 
24 43 20 33 40 49 22 25 44 40 5 39 
4 36 19 32 42 14 47 7 5 4 48 11 
22 28 49 43 46 18 40 22 11 10 5 1 
11 30 28 5 20 36 44 26 22 15 8 16 
32 8 24 37 12 24 0 36 2 49 29 0 
18 21 23 31 31 30 33 44 10 13 49 31 
49 46 9 23 13 18 40 45 26 16 34 40 
40 34 26 42 36 7 45 6 29 18 37 12 
48 22 9 9 36 10 42 37 6 1 13 22 
21 5 19 49 21 4 39 11 40 17 5 28 
27 0 34 8 20 24 22 19 46 31 30 34 
42 22 22 0 25 35 22 49 40 42 48 13 
48 40 24 40 9 31 19 36 32 5 44 4 
29 19 23 26 0 5 10 42 29 34 43 5 
21 17 4 13 11 4 26 9 44 2 2 6 
34 21 42 18 28 39 22 8 8 48 36 8 
3 48 3 33 33 48 40 4 17 46 18 29 
0 46 38 47 49 40 3 33 13 47 3 42 
36 25 2 46 25 38 7 29 36 10 14 21 
10 4 28 27 0 48 6 2 44 47 49 43 
39 2 28 3 0 31 47 38 9 1 35 34 
39 42 15 27 4 29 49 14 35 29 43 35 
27 0 38 21 49 39 17 38 42 45 43 44 
29 40 32 40 41 19 26 32 11 42 10 17 
23 11 31 9 40 25 46 17 27 34 40 26 
24 7 14 18 5 8 12 36 0 46 26 44 
16 2 28 29 46 40 47 20 1 30 31 43 
7 27 12 36 14 5 12 40 12 29 10 19 
39 24 5 41 20 33 37 38 38 16 20 34 
6 17 6 10 49 37 5 9 17 18 45 33 
23 8 23 37 39 33 7 28 7 14 21 29 
0 9 18 38 25 38 24 33 7 31 43 8 
33 36 27 15 43 35 36 42 49 21 12 27 
40 9 13 26 40 26 22 36 11 18 17 29 
32 30 12 23 17 35 29 2 22 8 19 17 
43 6 11 42 29 23 21 19 34 37 48 24 
15 20 13 26 41 30 6 23 12 20 46 31 
5 25 34 27 36 5 46 29 13 7 24 45 
32 45 14 17 34 14 43 0 37 8 26 28 
38 34 3 1 4 49 32 10 26 18 39 12 
26 36 44 39 45 20 34 28 17 1 47 2 
17 42 2 6 1 30 36 41 15 39 44 19 
40 29 31 17 47 21 31 25 9 27 17 6 
47 3 36 15 6 33 19 24 28 21 32 29 
3 19 20 18 8 15 40 49 46 23 18 45 
46 1 21 5 29 38 14 28 41 0 43 0 
34 14 24 14 37 6 43 41 27 15 9 36 
32 1 37 28 25 7 24 21 8 45 29 37 
35 43 18 28 43 11 28 29 26 4 43 13 
13 38 6 40 4 18 28 38 19 17 17 46 
24 43 20 33 40 49 22 25 44 40 5 39 
4 36 19 32 42 14 47 7 5 4 48 11 
22 28 49 43 46 18 40 22 11 10 5 1 
11 30 28 5 20 36 44 26 22 15 8 16 
32 8 24 37 12 24 0 36 2 49 29 0 
18 21 23 31 31 30 33 44 10 13 49 31 
49 46 9 23 13 18 40 45 26 16 34 40 
40 34 26 42 36 7 45 6 29 18 37 12 
48 22 9 9 36 10 42 37 6 1 13 22 
21 5 19 49 21 4 39 11 40 17 5 28 
27 0 34 8 20 24 22 19 46 31 30 34 
42 22 22 0 25 35 22 49 40 42 48 13 
48 40 24 40 9 31 19 36 32 5 44 4 
29 19 23 26 0 5 10 42 29 34 43 5 
21 17 4 13 11 4 26 9 44 2 2 6 
34 21 42 18 28 39 22 8 8 48 36 8 
3 48 3 33 33 48 40 4 17 46 18 29 
0 46 38 47 49 40 3 33 13 47 3 42 
36 25 2 46 25 38 7 29 36 10 14 21 
10 4 28 27 0 48 6 2 44 47 49 43 
39 2 28 3 0 31 47 38 9 1 35 34 
39 42 15 27 4 29 49 14 35 29 43 35 
27 0 38 21 49 39 17 38 42 45 43 44 
29 40 32 40 41 19 26 32 11 42 10 17 
23 11 31 9 40 25 46 17 27 34 40 26 
24 7 14 18 5 8 12 36 0 46 26 44 
16 2 28 29 46 40 47 20 1 30 31 43 
7 27 12 36 14 5 12 40 12 29 10 19 
39 24 5 41 20 33 37 38 38 16 20 34 
6 17 6 10 49 37 5 9 17 18 45 33 
23 8 23 37 39 33 7 28 7 14 21 29 
0 9 18 38 25 38 24 33 7 31 43 8 
33 36 27 15 43 35 36 42 49 21 12 27 
40 9 13 26 40 26 22 36 11 18 17 29 
32 30 12 23 17 35 29 2 22 8 19 17 
43 6 11 42 29 23 21 19 34 37 48 24 
15 20 13 26 41 30 6 23 12 20 46 31 
5 25 34 27 36 5 46 29 13 7 24 45 
32 45 14 17 34 14 43 0 37 8 26 28 
38 34 3 1 4 49 32 10 26 18 39 12 
26 36 44 39 45 20 34 28 17 1 47 2 
17 42 2 6 1 30 36 41 15 39 44 19 
40 29 31 17 47 21 31 25 9 27 17 6 
47 3 36 15 6 33 19 24 28 21 32 29 
3 19 20 18 8 15 40 49 46 23 18 45 
46 1 21 5 29 38 14 28 41 0 43 0 
34 14 24 14 37 6 43 41 27 15 9 36 
32 1 37 28 25 7 24 21 8 45 29 37 
35 43 18 28 43 11 28 29 26 4 43 13 
13 38 6 40 4 18 28 38 19 17 17 46 
24 43 20 33 40 49 22 25 44 40 5 39 
4 36 19 32 42 14 47 7 5 4 48 11 
22 28 49 43 46 18 40 22 11 10 5 1 
11 30 28 5 20 36 44 26 22 15 8 16 
32 8 24 37 12 24 0 36 2 49 29 0 
18 21 23 31 31 30 33 44 10 13 49 31 
49 46 9 23 13 18 40 45 26 16 34 40 
40 34 26 42 36 7 45 6 29 18 37 12 
48 22 9 9 36 10 42 37 6 1 13 22 
21 5 19 49 21 4 39 11 40 17 5 28 
27 0 34 8 20 24 22 19 46 31 30 34 
42 22 22 0 25 35 22 49 40 42 48 13 
48 40 24 40 9 31 19 36 32 5 44 4 
29 19 23 26 0 5 10 42 29 34 43 5 
21 17 4 13 11 4 26 9 44 2 2 6 
34 21 42 18 28 39 22 8 8 48 36 8 
3 48 3 33 33 48 40 4 17 46 18 29 
0 46 38 47 49 40 3 33 13 47 3 42 
36 25 2 46 25 38 7 29 36 10 14 21 
10 4 28 27 0 48 6 2 44 47 49 43 
39 2 28 3 0 31 47 38 9 1 35 34 
39 42 15 27 4 29 49 14 35 29 43 35 
27 0 38 21 49 39 17 38 42 45 43 44 
29 40 32 40 41 19 26 32 11 42 10 17 
23 11 31 9 40 25 46 17 27 34 40 26 
24 7 14 18 5 8 12 36 0 46 26 44 
16 2 28 29 46 40 47 20 1 30 31 43 
7 27 12 36 14 5 12 40 12 29 10 19 
39 24 5 41 20 33 37 38 38 16 20 34 
6 17 6 10 49 37 5 9 17 18 45 33 
23 8 23 37 39 33 7 28 7 14 21 29 
0 9 18 38 25 38 24 33 7 31 43 8 
33 36 27 15 43 35 36 42 49 21 12 27 
40 9 13 26 40 26 22 36 11 18 17 29 
32 30 12 23 17 35 29 2 22 8 19 17 
43 6 11 42 29 23 21 19 34 37 48 24 
15 20 13 26 41 30 6 23 12 20 46 31 
5 25 34 27 36 5 46 29 13 7 24 45 
32 45 14 17 34 14 43 0 37 8 26 28 
38 34 3 1 4 49 32 10 26 18 39 12 
26 36 44 39 45 20 34 28 17 1 47 2 
17 42 2 6 1 30 36 41 15 39 44 19 
40 29 31 17 47 21 31 25 9 27 17 6 
47 3 36 15 6 33 19 24 28 21 32 29 
3 19 20 18 8 15 40 49 46 23 18 45 
46 1 21 5 29 38 14 28 41 0 43 0 
34 14 24 14 37 6 43 41 27 15 9 36 
32 1 37 28 25 7 24 21 8 45 29 37 
35 43 18 28 43 11 28 29 26 4 43 13 
13 38 6 40 4 18 28 38 19 17 17 46 
24 43 20 33 40 49 22 25 44 40 5 39 
4 36 19 32 42 14 47 7 5 4 48 11 
22 28 49 43 46 18 40 22 11 10 5 1 
11 30 28 5 20 36 44 26 22 15 8 16 
32 8 24 37 12 24 0 36 2 49 29 0 
18 21 23 31 31 30 33 44 10 13 49 31 
49 46 9 23 13 18 40 45 26 16 34 40 
40 34 26 42 36 7 45 6 29 18 37 12 
48 22 9 9 36 10 42 37 6 1 13 22 
21 5 19 49 21 4 39 11 40 17 5 28 
27 0 34 8 20 24 22 19 46 31 30 34 
42 22 22 0 25 35 22 49 40 42 48 13 
48 40 24 40 9 31 19 36 32 5 44 4 
29 19 23 26 0 5 10 42 29 34 43 5 
21 17 4 13 11 4 26 9 44 2 2 6 
34 21 42 18 28 39 22 8 8 48 36 8 
3 48 3 33 33 48 40 4 17 46 18 29 
0 46 38 47 49 40 3 33 13 47 3 42 
36 25 2 46 25 38 7 29 36 10 14 21 
10 4 28 27 0 48 6 2 44 47 49 43 
39 2 28 3 0 31 47 38 9 1 35 34 
39 42 15 27 4 29 49 14 35 29 43 35 
27 0 38 21 49 39 17 38 42 45 43 44 
29 40 32 40 41 19 26 32 11 42 10 17 
23 11 31 9 40 25 46 17 27 34 40 26 
24 7 14 18 5 8 12 36 0 46 26 44 
16 2 28 29 46 40 47 20 1 30 31 43 
7 27 12 36 14 5 12 40 12 29 10 19 
39 24 5 41 20 33 37 38 38 16 20 34 
6 17 6 10 49 37 5 9 17 18 45 33 
23 8 23 37 39 33 7 28 7 14 21 29 
0 9 18 38 25 38 24 33 7 31 43 8 
33 36 27 15 43 35 36 42 49 21 12 27 
40 9 13 26 40 26 22 36 11 18 17 29 
32 30 12 23 17 35 29 2 22 8 19 17 
43 6 11 42 29 23 21 19 34 37 48 24 
15 20 13 26 41 30 6 23 12 20 46 31 
5 25 34 27 36 5 46 29 13 7 24 45 
32 45 14 17 34 14 43 0 37 8 26 28 
38 34 3 1 4 49 32 10 26 18 39 12 
26 36 44 39 45 20 34 28 17 1 47 2 
17 42 2 6 1 30 36 41 15 39 44 19 
40 29 31 17 47 21 31 25 9 27 17 6 
47 3 36 15 6 33 19 24 28 21 32 29 
3 19 20 18 8 15 40 49 46 23 18 45 
46 1 21 5 29 38 14 28 41 0 43 0 
34 14 24 14 37 6 43 41 27 15 9 36 
32 1 37 28 25 7 24 21 8 45 29 37 
35 43 18 28 43 11 28 29 26 4 43 13 
13 38 6 40 4 18 28 38 19 17 17 46 
24 43 20 33 40 49 22 25 44 40 5 39 
4 36 19 32 42 14 47 7 5 4 48 11 
22 28 49 43 46 18 40 22 11 10 5 1 
11 30 28 5 20 36 44 26 22 15 8 16 
32 8 24 37 12 24 0 36 2 49 29 0 
18 21 23 31 31 30 33 44 10 13 49 31 
49 46 9 23 13 18 40 45 26 16 34 40 
40 34 26 42 36 7 45 6 29 18 37 12 
48 22 9 9 36 10 42 37 6 1 13 22 
21 5 19 49 21 4 39 11 40 17 5 28 
27 0 34 8 20 24 22 19 46 31 30 34 
42 22 22 0 25 35 22 49 40 42 48 13 
48 40 24 40 9 31 19 36 32 5 44 4 
29 19 23 26 0 5 10 42 29 34 43 5 
21 17 4 13 11 4 26 9 44 2 2 6 
34 21 42 18 28 39 22 8 8 48 36 8 
3 48 3 33 33 48 40 4 17 46 18 29 
0 46 38 47 49 40 3 33 13 47 3 42 
36 25 2 46 25 38 7 29 36 10 14 21 
10 4 28 27 0 48 6 2 44 47 49 43 
39 2 28 3 0 31 47 38 9 1 35 34 
39 42 15 27 4 29 49 14 35 29 43 35 
27 0 38 21 49 39 17 38 42 45 43 44 
29 40 32 40 41 19 26 32 11 42 10 17 
23 11 31 9 40 25 46 17 27 34 40 26 
24 7 14 18 5 8 12 36 0 46 26 44 
16 2 28 29 46 40 47 20 1 30 31 43 
7 27 12 36 14 5 12 40 12 29 10 19 
39 24 5 41 20 33 37 38 38 16 20 34 
6 17 6 10 49 37 5 9 17 18 45 33 
23 8 23 37 39 33 7 28 7 14 21 29 
0 9 18 38 25 38 24 33 7 31 43 8 
33 36 27 15 43 35 36 42 49 21 12 27 
40 9 13 26 40 26 22 36 11 18 17 29 
32 30 12 23 17 35 29 2 22 8 19 17 
43 6 11 42 29 23 21 19 34 37 48 24 
15 20 13 26 41 30 6 23 12 20 46 31 
5 25 34 27 36 5 46 29 13 7 24 45 
32 45 14 17 34 14 43 0 37 8 26 28 
38 34 3 1 4 49 32 10 26 18 39 12 
26 36 44 39 45 20 34 28 17 1 47 2 
17 42 2 6 1 30 36 41 15 39 44 19 
40 29 31 17 47 21 31 25 9 27 17 6 
47 3 36 15 6 33 19 24 28 21 32 29 
3 19 20 18 8 15 40 49 46 23 18 45 
46 1 21 5 29 38 14 28 41 0 43 0 
34 14 24 14 37 6 43 41 27 15 9 36 
32 1 37 28 25 7 24 21 8 45 29 37 
35 43 18 28 43 11 28 29 26 4 43 13 
13 38 6 40 4 18 28 38 19 17 17 46 
24 43 20 33 40 49 22 25 44 40 5 39 
4 36 19 32 42 14 47 7 5 4 48 11 
22 28 49 43 46 18 40 22 11 10 5 1 
11 30 28 5 20 36 44 26 22 15 8 16 
32 8 24 37 12 24 0 36 2 49 29 0 
18 21 23 31 31 30 33 44 10 13 49 31 
49 46 9 23 13 18 40 45 26 16 34 40 
40 34 26 42 36 7 45 6 29 18 37 12 
48 22 9 9 36 10 42 37 6 1 13 22 
21 5 19 49 21 4 39 11 40 17 5 28 
27 0 34 8 20 24 22 19 46 31 30 34 
42 22 22 0 25 35 22 49 40 42 48 13 
48 40 24 40 9 31 19 36 32 5 44 4 
29 19 23 26 0 5 10 42 29 34 43 5 
21 17 4 13 11 4 26 9 44 2 2 6 
34 21 42 18 28 39 22 8 8 48 36 8 
3 48 3 33 33 48 40 4 17 46 18 29 
0 46 38 47 49 40 3 33 13 47 3 42 
36 25 2 46 25 38 7 29 36 10 14 21 
10 4 28 27 0 48 6 2 44 47 49 43 
39 2 28 3 0 31 47 38 9 1 35 34 
39 42 15 27 4 29 49 14 35 29 43 35 
27 0 38 21 49 39 17 38 42 45 43 44 
29 40 32 40 41 19 26 32 11 42 10 17 
23 11 31 9 40 25 46 17 27 34 40 26 
24 7 14 18 5 8 12 36 0 46 26 44 
16 2 28 29 46 40 47 20 1 30 31 43 
7 27 12 36 14 5 12 40 12 29 10 19 
39 24 5 41 20 33 37 38 38 16 20 34 
6 17 6 10 49 37 5 9 17 18 45 33 
23 8 23 37 39 33 7 28 7 14 21 29 
0 9 18 38 25 38 24 33 7 31 43 8 
33 36 27 15 43 35 36 42 49 21 12 27 
40 9 13 26 40 26 22 36 11 18 17 29 
32 30 12 23 17 35 29 2 22 8 19 17 
43 6 11 42 29 23 21 19 34 37 48 24 
15 20 13 26 41 30 6 23 12 20 46 31 
5 25 34 27 36 5 46 29 13 7 24 45 
32 45 14 17 34 14 43 0 37 8 26 28 
38 34 3 1 4 49 32 10 26 18 39 12 
26 36 44 39 45 20 34 28 17 1 47 2 
17 42 2 6 1 30 36 41 15 39 44 19 
40 29 31 17 47 21 31 25 9 27 17 6 
47 3 36 15 6 33 19 24 28 21 32 29 
3 19 20 18 8 15 40 49 46 23 18 45 
46 1 21 5 29 38 14 28 41 0 43 0 
34 14 24 14 37 6 43 41 27 15 9 36 
32 1 37 28 25 7 24 21 8 45 29 37 
35 43 18 28 43 11 28 29 26 4 43 13 
13 38 6 40 4 18 28 38 19 17 17 46 
24 43 20 33 40 49 22 25 44 40 5 39 
4 36 19 32 42 14 47 7 5 4 48 11 
22 28 49 43 46 18 40 22 11 10 5 1 
11 30 28 5 20 36 44 26 22 15 8 16 
32 8 24 37 12 24 0 36 2 49 29 0 
18 21 23 31 31 30 33 44 10 13 49 31 
49 46 9 23 13 18 40 45 26 16 34 40 
40 34 26 42 36 7 45 6 29 18 37 12 
48 22 9 9 36 10 42 37 6 1 13 22 
21 5 19 49 21 4 39 11 40 17 5 28 
27 0 34 8 20 24 22 19 46 31 30 34 
42 22 22 0 25 35 22 49 40 42 48 13 
48 40 24 40 9 31 19 36 32 5 44 4 
29 19 23 26 0 5 10 42 29 34 43 5 
21 17 4 13 11 4 26 9 44 2 2 6 
34 21 42 18 28 39 22 8 8 48 36 8 
3 48 3 33 33 48 40 4 17 46 18 29 
0 46 38 47 49 40 3 33 13 47 3 42 
36 25 2 46 25 38 7 29 36 10 14 21 
10 4 28 27 0 48 6 2 44 47 49 43 
39 2 28 3 0 31 47 38 9 1 35 34 
39 42 15 27 4 29 49 14 35 29 43 35 
27 0 38 21 49 39 17 38 42 45 43 44 
29 40 32 40 41 19 26 32 11 42 10 17 
23 11 31 9 40 25 46 17 27 34 40 26 
24 7 14 18 5 8 12 36 0 46 26 44 
16 2 28 29 46 40 47 20 1 30 31 43 
7 27 12 36 14 5 12 40 12 29 10 19 
39 24 5 41 20 33 37 38 38 16 20 34 
6 17 6 10 49 37 5 9 17 18 45 33 
23 8 23 37 39 33 7 28 7 14 21 29 
0 9 18 38 25 38 24 33 7 31 43 8 
33 36 27 15 43 35 36 42 49 21 12 27 
40 9 13 26 40 26 22 36 11 18 17 29 
32 30 12 23 17 35 29 2 22 8 19 17 
43 6 11 42 29 23 21 19 34 37 48 24 
15 20 13 26 41 30 6 23 12 20 46 31 
5 25 34 27 36 5 46 29 13 7 24 45 
32 45 14 17 34 14 43 0 37 8 26 28 
38 34 3 1 4 49 32 10 26 18 39 12 
26 36 44 39 45 20 34 28 17 1 47 2 
17 42 2 6 1 30 36 41 15 39 44 19 
40 29 31 17 47 21 31 25 9 27 17 6 
47 3 36 15 6 33 19 24 28 21 32 29 
3 19 20 18 8 15 40 49 46 23 18 45 
46 1 21 5 29 38 14 28 41 0 43 0 
34 14 24 14 37 6 43 41 27 15 9 36 
32 1 37 28 25 7 24 21 8 45 29 37 
35 43 18 28 43 11 28 29 26 4 43 13 
13 38 6 40 4 18 28 38 19 17 17 46 
24 43 20 33 40 49 22 25 44 40 5 39 
4 36 19 32 42 14 47 7 5 4 48 11 
22 28 49 43 46 18 40 22 11 10 5 1 
11 30 28 5 20 36 44 26 22 15 8 16 
32 8 24 37 12 24 0 36 2 49 29 0 
18 21 23 31 31 30 33 44 10 13 49 31 
49 46 9 23 13 18 40 45 26 16 34 40 
40 34 26 42 36 7 45 6 29 18 37 12 
48 22 9 9 36 10 42 37 6 1 13 22 
21 5 19 49 21 4 39 11 40 17 5 28 
27 0 34 8 20 24 22 19 46 31 30 34 
42 22 22 0 25 35 22 49 40 42 48 13 
48 40 24 40 9 31 19 36 32 5 44 4 
29 19 23 26 0 5 10 42 29 34 43 5 
21 17 4 13 11 4 26 9 44 2 2 6 
34 21 42 18 28 39 22 8 8 48 36 8 
3 48 3 33 33 48 40 4 17 46 18 29 
0 46 38 47 49 40 3 33 13 47 3 42 
36 25 2 46 25 38 7 29 36 10 14 21 
10 4 28 27 0 48 6 2 44 47 49 43 
39 2 28 3 0 31 47 38 9 1 35 34 
39 42 15 27 4 29 49 14 35 29 43 35 
27 0 38 21 49 39 17 38 42 45 43 44 
29 40 32 40 41 19 26 32 11 42 10 17 
23 11 31 9 40 25 46 17 27 34 40 26 
24 7 14 18 5 8 12 36 0 46 26 44 
16 2 28 29 46 40 47 20 1 30 31 43 
7 27 12 36 14 5 12 40 12 29 10 19 
39 24 5 41 20 33 37 38 38 16 20 34 
6 17 6 10 49 37 5 9 17 18 45 33 
23 8 23 37 39 33 7 28 7 14 21 29 
0 9 18 38 25 38 24 33 7 31 43 8 
33 36 27 15 43 35 36 42 49 21 12 27 
40 9 13 26 40 26 22 36 11 18 17 29 
32 30 12 23 17 35 29 2 22 8 19 17 
43 6 11 42 29 23 21 19 34 37 48 24 
15 20 13 26 41 30 6 23 12 20 46 31 
5 25 34 27 36 5 46 29 13 7 24 45 
32 45 14 17 34 14 43 0 37 8 26 28 
38 34 3 1 4 49 32 10 26 18 39 12 
26 36 44 39 45 20 34 28 17 1 47 2 
17 42 2 6 1 30 36 41 15 39 44 19 
40 29 31 17 47 21 31 25 9 27 17 6 
47 3 36 15 6 33 19 24 28 21 32 29 
3 19 20 18 8 15 40 49 46 23 18 45 
46 1 21 5 29 38 14 28 41 0 43 0 
34 14 24 14 37 6 43 41 27 15 9 36 
32 1 37 28 25 7 24 21 8 45 29 37 
35 43 18 28 43 11 28 29 26 4 43 13 
13 38 6 40 4 18 28 38 19 17 17 46 
24 43 20 33 40 49 22 25 44 40 5 39 
4 36 19 32 42 14 47 7 5 4 48 11 
22 28 49 43 46 18 40 22 11 10 5 1 
11 30 28 5 20 36 44 26 22 15 8 16 
32 8 24 37 12 24 0 36 2 49 29 0 
18 21 23 31 31 30 33 44 10 13 49 31 
49 46 9 23 13 18 40 45 26 16 34 40 
40 34 26 42 36 7 45 6 29 18 37 12 
48 22 9 9 36 10 42 37 6 1 13 22 
21 5 19 49 21 4 39 11 40 17 5 28 
27 0 34 8 20 24 22 19 46 31 30 34 
42 22 22 0 25 35 22 49 40 42 48 13 
48 40 24 40 9 31 19 36 32 5 44 4 
29 19 23 26 0 5 10 42 29 34 43 5 
21 17 4 13 11 4 26 9 44 2 2 6 
34 21 42 18 28 39 22 8 8 48 36 8 
3 48 3 33 33 48 40 4 17 46 18 29 
0 46 38 47 49 40 3 33 13 47 3 42 
36 25 2 46 25 38 7 29 36 10 14 21 
10 4 28 27 0 48 6 2 44 47 49 43 
39 2 28 3 0 31 47 38 9 1 35 34 
39 42 15 27 4 29 49 14 35 29 43 35 
27 0 38 21 49 39 17 38 42 45 43 44 
29 40 32 40 41 19 26 32 11 42 10 17 
23 11 31 9 40 25 46 17 27 34 40 26 
24 7 14 18 5 8 12 36 0 46 26 44 
16 2 28 29 46 40 47 20 1 30 31 43 
7 27 12 36 14 5 12 40 12 29 10 19 
39 24 5 41 20 33 37 38 38 16 20 34 
6 17 6 10 49 37 5 9 17 18 45 33 
23 8 23 37 39 33 7 28 7 14 21 29 
0 9 18 38 25 38 24 33 7 31 43 8 
33 36 27 15 43 35 36 42 49 21 12 27 
40 9 13 26 40 26 22 36 11 18 17 29 
32 30 12 23 17 35 29 2 22 8 19 17 
43 6 11 42 29 23 21 19 34 37 48 24 
15 20 13 26 41 30 6 23 12 20 46 31 
5 25 34 27 36 5 46 29 13 7 24 45 
32 45 14 17 34 14 43 0 37 8 26 28 
38 34 3 1 4 49 32 10 26 18 39 12 
26 36 44 39 45 20 34 28 17 1 47 2 
17 42 2 6 1 30 36 41 15 39 44 19 
40 29 31 17 47 21 31 25 9 27 17 6 
47 3 36 15 6 33 19 24 28 21 32 29 
3 19 20 18 8 15 40 49 46 23 18 45 
46 1 21 5 29 38 14 28 41 0 43 0 
34 14 24 14 37 6 43 41 27 15 9 36 
32 1 37 28 25 7 24 21 8 45 29 37 
35 43 18 28 43 11 28 29 26 4 43 13 
13 38 6 40 4 18 28 38 19 17 17 46 
24 43 20 33 40 49 22 25 44 40 5 39 
4 36 19 32 42 14 47 7 5 4 48 11 
22 28 49 43 46 18 40 22 11 10 5 1 
11 30 28 5 20 36 44 26 22 15 8 16 
32 8 24 37 12 24 0 36 2 49 29 0 
18 21 23 31 31 30 33 44 10 13 49 31 
49 46 9 23 13 18 40 45 26 16 34 40 
40 34 26 42 36 7 45 6 29 18 37 12 
48 22 9 9 36 10 42 37 6 1 13 22 
21 5 19 49 21 4 39 11 40 17 5 28 
27 0 34 8 20 24 22 19 46 31 30 34 
42 22 22 0 25 35 22 49 40 42 48 13 
48 40 24 40 9 31 19 36 32 5 44 4 
29 19 23 26 0 5 10 42 29 34 43 5 
21 17 4 13 11 4 26 9 44 2 2 6 
34 21 42 18 28 39 22 8 8 48 36 8 
3 48 3 33 33 48 40 4 17 46 18 29 
0 46 38 47 49 40 3 33 13 47 3 42 
36 25 2 46 25 38 7 29 36 10 14 21 
10 4 28 27 0 48 6 2 44 47 49 43 
39 2 28 3 0 31 47 38 9 1 35 34 
39 42 15 27 4 29 49 14 35 29 43 35 
27 0 38 21 49 39 17 38 42 45 43 44 
29 40 32 40 41 19 26 32 11 42 10 17 
23 11 31 9 40 25 46 17 27 34 40 26 
24 7 14 18 5 8 12 36 0 46 26 44 
16 2 28 29 46 40 47 20 1 30 31 43 
7 27 12 36 14 5 12 40 12 29 10 19 
39 24 5 41 20 33 37 38 38 16 20 34 
6 17 6 10 49 37 5 9 17 18 45 33 
23 8 23 37 39 33 7 28 7 14 21 29 
0 9 18 38 25 38 24 33 7 31 43 8 
33 36 27 15 43 35 36 42 49 21 12 27 
40 9 13 26 40 26 22 36 11 18 17 29 
32 30 12 23 17 35 29 2 22 8 19 17 
43 6 11 42 29 23 21 19 34 37 48 24 
15 20 13 26 41 30 6 23 12 20 46 31 
5 25 34 27 36 5 46 29 13 7 24 45 
32 45 14 17 34 14 43 0 37 8 26 28 
38 34 3 1 4 49 32 10 26 18 39 12 
26 36 44 39 45 20 34 28 17 1 47 2 
17 42 2 6 1 30 36 41 15 39 44 19 
40 29 31 17 47 21 31 25 9 27 17 6 
47 3 36 15 6 33 19 24 28 21 32 29 
3 19 20 18 8 15 40 49 46 23 18 45 
46 1 21 5 29 38 14 28 41 0 43 0 
34 14 24 14 37 6 43 41 27 15 9 36 
32 1 37 28 25 7 24 21 8 45 29 37 
35 43 18 28 43 11 28 29 26 4 43 13 
13 38 6 40 4 18 28 38 19 17 17 46 
24 43 20 33 40 49 22 25 44 40 5 39 
4 36 19 32 42 14 47 7 5 4 48 11 
22 28 49 43 46 18 40 22 11 10 5 1 
11 30 28 5 20 36 44 26 22 15 8 16 
32 8 24 37 12 24 0 36 2 49 29 0 
18 21 23 31 31 30 33 44 10 13 49 31 
49 46 9 23 13 18 40 45 26 16 34 40 
40 34 26 42 36 7 45 6 29 18 37 12 
48 22 9 9 36 10 42 37 6 1 13 22 
21 5 19 49 21 4 39 11 40 17 5 28 
27 0 34 8 20 24 22 19 46 31 30 34 
42 22 22 0 25 35 22 49 40 42 48 13 
48 40 24 40 9 31 19 36 32 5 44 4 
29 19 23 26 0 5 10 42 29 34 43 5 
21 17 4 13 11 4 26 9 44 2 2 6 
34 21 42 18 28 39 22 8 8 48 36 8 
3 48 3 33 33 48 40 4 17 46 18 29 
0 46 38 47 49 40 3 33 13 47 3 42 
36 25 2 46 25 38 7 29 36 10 14 21 
10 4 28 27 0 48 6 2 44 47 49 43 
39 2 28 3 0 31 47 38 9 1 35 34 
39 42 15 27 4 29 49 14 35 29 43 35 
27 0 38 21 49 39 17 38 42 45 43 44 
29 40 32 40 41 19 26 32 11 42 10 17 
23 11 31 9 40 25 46 17 27 34 40 26 
24 7 14 18 5 8 12 36 0 46 26 44 
16 2 28 29 46 40 47 20 1 30 31 43 
7 27 12 36 14 5 12 40 12 29 10 19 
39 24 5 41 20 33 37 38 38 16 20 34 
6 17 6 10 49 37 5 9 17 18 45 33 
23 8 23 37 39 33 7 28 7 14 21 29 
0 9 18 38 25 38 24 33 7 31 43 8 
33 36 27 15 43 35 36 42 49 21 12 27 
40 9 13 26 40 26 22 36 11 18 17 29 
32 30 12 23 17 35 29 2 22 8 19 17 
43 6 11 42 29 23 21 19 34 37 48 24 
15 20 13 26 41 30 6 23 12 20 46 31 
5 25 34 27 36 5 46 29 13 7 24 45 
32 45 14 17 34 14 43 0 37 8 26 28 
38 34 3 1 4 49 32 10 26 18 39 12 
26 36 44 39 45 20 34 28 17 1 47 2 
17 42 2 6 1 30 36 41 15 39 44 19 
40 29 31 17 47 21 31 25 9 27 17 6 
47 3 36 15 6 33 19 24 28 21 32 29 
3 19 20 18 8 15 40 49 46 23 18 45 
46 1 21 5 29 38 14 28 41 0 43 0 
34 14 24 14 37 6 43 41 27 15 9 36 
32 1 37 28 25 7 24 21 8 45 29 37 
35 43 18 28 43 11 28 29 26 4 43 13 
13 38 6 40 4 18 28 38 19 17 17 46 
24 43 20 33 40 49 22 25 44 40 5 39 
4 36 19 32 42 14 47 7 5 4 48 11 
22 28 49 43 46 18 40 22 11 10 5 1 
11 30 28 5 20 36 44 26 22 15 8 16 
32 8 24 37 12 24 0 36 2 49 29 0 
18 21 23 31 31 30 33 44 10 13 49 31 
49 46 9 23 13 18 40 45 26 16 34 40 
40 34 26 42 36 7 45 6 29 18 37 12 
48 22 9 9 36 10 42 37 6 1 13 22 
21 5 19 49 21 4 39 11 40 17 5 28 
27 0 34 8 20 24 22 19 46 31 30 34 
42 22 22 0 25 35 22 49 40 42 48 13 
48 40 24 40 9 31 19 36 32 5 44 4 
29 19 23 26 0 5 10 42 29 34 43 5 
21 17 4 13 11 4 26 9 44 2 2 6 
34 21 42 18 28 39 22 8 8 48 36 8 
3 48 3 33 33 48 40 4 17 46 18 29 
0 46 38 47 49 40 3 33 13 47 3 42 
36 25 2 46 25 38 7 29 36 10 14 21 
10 4 28 27 0 48 6 2 44 47 49 43 
39 2 28 3 0 31 47 38 9 1 35 34 
39 42 15 27 4 29 49 14 35 29 43 35 
27 0 38 21 49 39 17 38 42 45 43 44 
29 40 32 40 41 19 26 32 11 42 10 17 
23 11 31 9 40 25 46 17 27 34 40 26 
24 7 14 18 5 8 12 36 0 46 26 44 
16 2 28 29 46 40 47 20 1 30 31 43 
7 27 12 36 14 5 12 40 12 29 10 19 
39 24 5 41 20 33 37 38 38 16 20 34 
6 17 6 10 49 37 5 9 17 18 45 33 
23 8 23 37 39 33 7 28 7 14 21 29 
0 9 18 38 25 38 24 33 7 31 43 8 
33 36 27 15 43 35 36 42 49 21 12 27 
40 9 13 26 40 26 22 36 11 18 17 29 
32 30 12 23 17 35 29 2 22 8 19 17 
43 6 11 42 29 23 21 19 34 37 48 24 
15 20 13 26 41 30 6 23 12 20 46 31 
5 25 34 27 36 5 46 29 13 7 24 45 
32 45 14 17 34 14 43 0 37 8 26 28 
38 34 3 1 4 49 32 10 26 18 39 12 
26 36 44 39 45 20 34 28 17 1 47 2 
17 42 2 6 1 30 36 41 15 39 44 19 
40 29 31 17 47 21 31 25 9 27 17 6 
47 3 36 15 6 33 19 24 28 21 32 29 
3 19 20 18 8 15 40 49 46 23 18 45 
46 1 21 5 29 38 14 28 41 0 43 0 
34 14 24 14 37 6 43 41 27 15 9 36 
32 1 37 28 25 7 24 21 8 45 29 37 
35 43 18 28 43 11 28 29 26 4 43 13 
13 38 6 40 4 18 28 38 19 17 17 46 
24 43 20 33 40 49 22 25 44 40 5 39 
4 36 19 32 42 14 47 7 5 4 48 11 
22 28 49 43 46 18 40 22 11 10 5 1 
11 30 28 5 20 36 44 26 22 15 8 16 
32 8 24 37 12 24 0 36 2 49 29 0 
18 21 23 31 31 30 33 44 10 13 49 31 
49 46 9 23 13 18 40 45 26 16 34 40 
40 34 26 42 36 7 45 6 29 18 37 12 
48 22 9 9 36 10 42 37 6 1 13 22 
21 5 19 49 21 4 39 11 40 17 5 28 
27 0 34 8 20 24 22 19 46 31 30 34 
42 22 22 0 25 35 22 49 40 42 48 13 
48 40 24 40 9 31 19 36 32 5 44 4 
29 19 23 26 0 5 10 42 29 34 43 5 
21 17 4 13 11 4 26 9 44 2 2 6 
34 21 42 18 28 39 22 8 8 48 36 8 
3 48 3 33 33 48 40 4 17 46 18 29 
0 46 38 47 49 40 3 33 13 47 3 42 
36 25 2 46 25 38 7 29 36 10 14 21 
10 4 28 27 0 48 6 2 44 47 49 43 
39 2 28 3 0 31 47 38 9 1 35 34 
39 42 15 27 4 29 49 14 35 29 43 35 
27 0 38 21 49 39 17 38 42 45 43 44 
29 40 32 40 41 19 26 32 11 42 10 17 
23 11 31 9 40 25 46 17 27 34 40 26 
24 7 14 18 5 8 12 36 0 46 26 44 
16 2 28 29 46 40 47 20 1 30 31 43 
7 27 12 36 14 5 12 40 12 29 10 19 
39 24 5 41 20 33 37 38 38 16 20 34 
6 17 6 10 49 37 5 9 17 18 45 33 
23 8 23 37 39 33 7 28 7 14 21 29 
0 9 18 38 25 38 24 33 7 31 43 8 
33 36 27 15 43 35 36 42 49 21 12 27 
40 9 13 26 40 26 22 36 11 18 17 29 
32 30 12 23 17 35 29 2 22 8 19 17 
43 6 11 42 29 23 21 19 34 37 48 24 
15 20 13 26 41 30 6 23 12 20 46 31 
5 25 34 27 36 5 46 29 13 7 24 45 
32 45 14 17 34 14 43 0 37 8 26 28 
38 34 3 1 4 49 32 10 26 18 39 12 
26 36 44 39 45 20 34 28 17 1 47 2 
17 42 2 6 1 30 36 41 15 39 44 19 
40 29 31 17 47 21 31 25 9 27 17 6 
47 3 36 15 6 33 19 24 28 21 32 29 
3 19 20 18 8 15 40 49 46 23 18 45 
46 1 21 5 29 38 14 28 41 0 43 0 
34 14 24 14 37 6 43 41 27 15 9 36 
32 1 37 28 25 7 24 21 8 45 29 37 
35 43 18 28 43 11 28 29 26 4 43 13 
13 38 6 40 4 18 28 38 19 17 17 46 
24 43 20 33 40 49 22 25 44 40 5 39 
4 36 19 32 42 14 47 7 5 4 48 11 
22 28 49 43 46 18 40 22 11 10 5 1 
11 30 28 5 20 36 44 26 22 15 8 16 
32 8 24 37 12 24 0 36 2 49 29 0 
18 21 23 31 31 30 33 44 10 13 49 31 
49 46 9 23 13 18 40 45 26 16 34 40 
40 34 26 42 36 7 45 6 29 18 37 12 
48 22 9 9 36 10 42 37 6 1 13 22 
21 5 19 49 21 4 39 11 40 17 5 28 
27 0 34 8 20 24 22 19 46 31 30 34 
42 22 22 0 25 35 22 49 40 42 48 13 
48 40 24 40 9 31 19 36 32 5 44 4 
29 19 23 26 0 5 10 42 29 34 43 5 
21 17 4 13 11 4 26 9 44 2 2 6 
34 21 42 18 28 39 22 8 8 48 36 8 
3 48 3 33 33 48 40 4 17 46 18 29 
0 46 38 47 49 40 3 33 13 47 3 42 
36 25 2 46 25 38 7 29 36 10 14 21 
10 4 28 27 0 48 6 2 44 47 49 43 
39 2 28 3 0 31 47 38 9 1 35 34 
39 42 15 27 4 29 49 14 35 29 43 35 
27 0 38 21 49 39 17 38 42 45 43 44 
29 40 32 40 41 19 26 32 11 42 10 17 
23 11 31 9 40 25 46 17 27 34 40 26 
24 7 14 18 5 8 12 36 0 46 26 44 
16 2 28 29 46 40 47 20 1 30 31 43 
7 27 12 36 14 5 12 40 12 29 10 19 
39 24 5 41 20 33 37 38 38 16 20 34 
6 17 6 10 49 37 5 9 17 18 45 33 
23 8 23 37 39 33 7 28 7 14 21 29 
0 9 18 38 25 38 24 33 7 31 43 8 
33 36 27 15 43 35 36 42 49 21 12 27 
40 9 13 26 40 26 22 36 11 18 17 29 
32 30 12 23 17 35 29 2 22 8 19 17 
43 6 11 42 29 23 21 19 34 37 48 24 
15 20 13 26 41 30 6 23 12 20 46 31 
5 25 34 27 36 5 46 29 13 7 24 45 
32 45 14 17 34 14 43 0 37 8 26 28 
38 34 3 1 4 49 32 10 26 18 39 12 
26 36 44 39 45 20 34 28 17 1 47 2 
17 42 2 6 1 30 36 41 15 39 44 19 
40 29 31 17 47 21 31 25 9 27 17 6 
47 3 36 15 6 33 19 24 28 21 32 29 
3 19 20 18 8 15 40 49 46 23 18 45 
46 1 21 5 29 38 14 28 41 0 43 0 
34 14 24 14 37 6 43 41 27 15 9 36 
32 1 37 28 25 7 24 21 8 45 29 37 
35 43 18 28 43 11 28 29 26 4 43 13 
13 38 6 40 4 18 28 38 19 17 17 46 
24 43 20 33 40 49 22 25 44 40 5 39 
4 36 19 32 42 14 47 7 5 4 48 11 
22 28 49 43 46 18 40 22 11 10 5 1 
11 30 28 5 20 36 44 26 22 15 8 16 
32 8 24 37 12 24 0 36 2 49 29 0 
18 21 23 31 31 30 33 44 10 13 49 31 
49 46 9 23 13 18 40 45 26 16 34 40 
40 34 26 42 36 7 45 6 29 18 37 12 
48 22 9 9 36 10 42 37 6 1 13 22 
21 5 19 49 21 4 39 11 40 17 5 28 
27 0 34 8 20 24 22 19 46 31 30 34 
42 22 22 0 25 35 22 49 40 42 48 13 
48 40 24 40 9 31 19 36 32 5 44 4 
29 19 23 26 0 5 10 42 29 34 43 5 
21 17 4 13 11 4 26 9 44 2 2 6 
34 21 42 18 28 39 22 8 8 48 36 8 
3 48 3 33 33 48 40 4 17 46 18 29 
0 46 38 47 49 40 3 33 13 47 3 42 
36 25 2 46 25 38 7 29 36 10 14 21 
10 4 28 27 0 48 6 2 44 47 49 43 
39 2 28 3 0 31 47 38 9 1 35 34 
39 42 15 27 4 29 49 14 35 29 43 35 
27 0 38 21 49 39 17 38 42 45 43 44 
29 40 32 40 41 19 26 32 11 42 10 17 
23 11 31 9 40 25 46 17 27 34 40 26 
24 7 14 18 5 8 12 36 0 46 26 44 
16 2 28 29 46 40 47 20 1 30 31 43 
7 27 12 36 14 5 12 40 12 29 10 19 
39 24 5 41 20 33 37 38 38 16 20 34 
6 17 6 10 49 37 5 9 17 18 45 33 
23 8 23 37 39 33 7 28 7 14 21 29 
0 9 18 38 25 38 24 33 7 31 43 8 
33 36 27 15 43 35 36 42 49 21 12 27 
40 9 13 26 40 26 22 36 11 18 17 29 
32 30 12 23 17 35 29 2 22 8 19 17 
43 6 11 42 29 23 21 19 34 37 48 24 
15 20 13 26 41 30 6 23 12 20 46 31 
5 25 34 27 36 5 46 29 13 7 24 45 
32 45 14 17 34 14 43 0 37 8 26 28 
38 34 3 1 4 49 32 10 26 18 39 12 
26 36 44 39 45 20 34 28 17 1 47 2 
17 42 2 6 1 30 36 41 15 39 44 19 
40 29 31 17 47 21 31 25 9 27 17 6 
47 3 36 15 6 33 19 24 28 21 32 29 
3 19 20 18 8 15 40 49 46 23 18 45 
46 1 21 5 29 38 14 28 41 0 43 0 
34 14 24 14 37 6 43 41 27 15 9 36 
32 1 37 28 25 7 24 21 8 45 29 37 
35 43 18 28 43 11 28 29 26 4 43 13 
13 38 6 40 4 18 28 38 19 17 17 46 
24 43 20 33 40 49 22 25 44 40 5 39 
4 36 19 32 42 14 47 7 5 4 48 11 
22 28 49 43 46 18 40 22 11 10 5 1 
11 30 28 5 20 36 44 26 22 15 8 16 
32 8 24 37 12 24 0 36 2 49 29 0 
18 21 23 31 31 30 33 44 10 13 49 31 
49 46 9 23 13 18 40 45 26 16 34 40 
40 34 26 42 36 7 45 6 29 18 37 12 
48 22 9 9 36 10 42 37 6 1 13 22 
21 5 19 49 21 4 39 11 40 17 5 28 
27 0 34 8 20 24 22 19 46 31 30 34 
42 22 22 0 25 35 22 49 40 42 48 13 
48 40 24 40 9 31 19 36 32 5 44 4 
29 19 23 26 0 5 10 42 29 34 43 5 
21 17 4 13 11 4 26 9 44 2 2 6 
34 21 42 18 28 39 22 8 8 48 36 8 
3 48 3 33 33 48 40 4 17 46 18 29 
0 46 38 47 49 40 3 33 13 47 3 42 
36 25 2 46 25 38 7 29 36 10 14 21 
10 4 28 27 0 48 6 2 44 47 49 43 
39 2 28 3 0 31 47 38 9 1 35 34 
39 42 15 27 4 29 49 14 35 29 43 35 
27 0 38 21 49 39 17 38 42 45 43 44 
29 40 32 40 41 19 26 32 11 42 10 17 
23 11 31 9 40 25 46 17 27 34 40 26 
24 7 14 18 5 8 12 36 0 46 26 44 
16 2 28 29 46 40 47 20 1 30 31 43 
7 27 12 36 14 5 12 40 12 29 10 19 
39 24 5 41 20 33 37 38 38 16 20 34 
6 17 6 10 49 37 5 9 17 18 45 33 
23 8 23 37 39 33 7 28 7 14 21 29 
0 9 18 38 25 38 24 33 7 31 43 8 
33 36 27 15 43 35 36 42 49 21 12 27 
40 9 13 26 40 26 22 36 11 18 17 29 
32 30 12 23 17 35 29 2 22 8 19 17 
43 6 11 42 29 23 21 19 34 37 48 24 
15 20 13 26 41 30 6 23 12 20 46 31 
5 25 34 27 36 5 46 29 13 7 24 45 
32 45 14 17 34 14 43 0 37 8 26 28 
38 34 3 1 4 49 32 10 26 18 39 12 
26 36 44 39 45 20 34 28 17 1 47 2 
17 42 2 6 1 30 36 41 15 39 44 19 
40 29 31 17 47 21 31 25 9 27 17 6 
47 3 36 15 6 33 19 24 28 21 32 29 
3 19 20 18 8 15 40 49 46 23 18 45 
46 1 21 5 29 38 14 28 41 0 43 0 
34 14 24 14 37 6 43 41 27 15 9 36 
32 1 37 28 25 7 24 21 8 45 29 37 
35 43 18 28 43 11 28 29 26 4 43 13 
13 38 6 40 4 18 28 38 19 17 17 46 
24 43 20 33 40 49 22 25 44 40 5 39 
4 36 19 32 42 14 47 7 5 4 48 11 
22 28 49 43 46 18 40 22 11 10 5 1 
11 30 28 5 20 36 44 26 22 15 8 16 
32 8 24 37 12 24 0 36 2 49 29 0 
18 21 23 31 31 30 33 44 10 13 49 31 
49 46 9 23 13 18 40 45 26 16 34 40 
40 34 26 42 36 7 45 6 29 18 37 12 
48 22 9 9 36 10 42 37 6 1 13 22 
21 5 19 49 21 4 39 11 40 17 5 28 
27 0 34 8 20 24 22 19 46 31 30 34 
42 22 22 0 25 35 22 49 40 42 48 13 
48 40 24 40 9 31 19 36 32 5 44 4 
29 19 23 26 0 5 10 42 29 34 43 5 
21 17 4 13 11 4 26 9 44 2 2 6 
34 21 42 18 28 39 22 8 8 48 36 8 
3 48 3 33 33 48 40 4 17 46 18 29 
0 46 38 47 49 40 3 33 13 47 3 42 
36 25 2 46 25 38 7 29 36 10 14 21 
10 4 28 27 0 48 6 2 44 47 49 43 
39 2 28 3 0 31 47 38 9 1 35 34 
39 42 15 27 4 29 49 14 35 29 43 35 
27 0 38 21 49 39 17 38 42 45 43 44 
29 40 32 40 41 19 26 32 11 42 10 17 
23 11 31 9 40 25 46 17 27 34 40 26 
24 7 14 18 5 8 12 36 0 46 26 44 
16 2 28 29 46 40 47 20 1 30 31 43 
7 27 12 36 14 5 12 40 12 29 10 19 
39 24 5 41 20 33 37 38 38 16 20 34 
6 17 6 10 49 37 5 9 17 18 45 33 
23 8 23 37 39 33 7 28 7 14 21 29 
0 9 18 38 25 38 24 33 7 31 43 8 
33 36 27 15 43 35 36 42 49 21 12 27 
40 9 13 26 40 26 22 36 11 18 17 29 
32 30 12 23 17 35 29 2 22 8 19 17 
43 6 11 42 29 23 21 19 34 37 48 24 
15 20 13 26 41 30 6 23 12 20 46 31 
5 25 34 27 36 5 46 29 13 7 24 45 
32 45 14 17 34 14 43 0 37 8 26 28 
38 34 3 1 4 49 32 10 26 18 39 12 
26 36 44 39 45 20 34 28 17 1 47 2 
17 42 2 6 1 30 36 41 15 39 44 19 
40 29 31 17 47 21 31 25 9 27 17 6 
47 3 36 15 6 33 19 24 28 21 32 29 
3 19 20 18 8 15 40 49 46 23 18 45 
46 1 21 5 29 38 14 28 41 0 43 0 
34 14 24 14 37 6 43 41 27 15 9 36 
32 1 37 28 25 7 24 21 8 45 29 37 
35 43 18 28 43 11 28 29 26 4 43 13 
13 38 6 40 4 18 28 38 19 17 17 46 
24 43 20 33 40 49 22 25 44 40 5 39 
4 36 19 32 42 14 47 7 5 4 48 11 
22 28 49 43 46 18 40 22 11 10 5 1 
11 30 28 5 20 36 44 26 22 15 8 16 
32 8 24 37 12 24 0 36 2 49 29 0 
18 21 23 31 31 30 33 44 10 13 49 31 
49 46 9 23 13 18 40 45 26 16 34 40 
40 34 26 42 36 7 45 6 29 18 37 12 
48 22 9 9 36 10 42 37 6 1 13 22 
21 5 19 49 21 4 39 11 40 17 5 28 
27 0 34 8 20 24 22 19 46 31 30 34 
42 22 22 0 25 35 22 49 40 42 48 13 
48 40 24 40 9 31 19 36 32 5 44 4 
29 19 23 26 0 5 10 42 29 34 43 5 
21 17 4 13 11 4 26 9 44 2 2 6 
34 21 42 18 28 39 22 8 8 48 36 8 
3 48 3 33 33 48 40 4 17 46 18 29 
0 46 38 47 49 40 3 33 13 47 3 42 
36 25 2 46 25 38 7 29 36 10 14 21 
10 4 28 27 0 48 6 2 44 47 49 43 
39 2 28 3 0 31 47 38 9 1 35 34 
39 42 15 27 4 29 49 14 35 29 43 35 
27 0 38 21 49 39 17 38 42 45 43 44 
29 40 32 40 41 19 26 32 11 42 10 17 
23 11 31 9 40 25 46 17 27 34 40 26 
24 7 14 18 5 8 12 36 0 46 26 44 
16 2 28 29 46 40 47 20 1 30 31 43 
7 27 12 36 14 5 12 40 12 29 10 19 
39 24 5 41 20 33 37 38 38 16 20 34 
6 17 6 10 49 37 5 9 17 18 45 33 
23 8 23 37 39 33 7 28 7 14 21 29 
0 9 18 38 25 38 24 33 7 31 43 8 
33 36 27 15 43 35 36 42 49 21 12 27 
40 9 13 26 40 26 22 36 11 18 17 29 
32 30 12 23 17 35 29 2 22 8 19 17 
43 6 11 42 29 23 21 19 34 37 48 24 
15 20 13 26 41 30 6 23 12 20 46 31 
5 25 34 27 36 5 46 29 13 7 24 45 
32 45 14 17 34 14 43 0 37 8 26 28 
38 34 3 1 4 49 32 10 26 18 39 12 
26 36 44 39 45 20 34 28 17 1 47 2 
17 42 2 6 1 30 36 41 15 39 44 19 
40 29 31 17 47 21 31 25 9 27 17 6 
47 3 36 15 6 33 19 24 28 21 32 29 
3 19 20 18 8 15 40 49 46 23 18 45 
46 1 21 5 29 38 14 28 41 0 43 0 
34 14 24 14 37 6 43 41 27 15 9 36 
32 1 37 28 25 7 24 21 8 45 29 37 
35 43 18 28 43 11 28 29 26 4 43 13 
13 38 6 40 4 18 28 38 19 17 17 46 
24 43 20 33 40 49 22 25 44 40 5 39 
4 36 19 32 42 14 47 7 5 4 48 11 
22 28 49 43 46 18 40 22 11 10 5 1 
11 30 28 5 20 36 44 26 22 15 8 16 
32 8 24 37 12 24 0 36 2 49 29 0 
18 21 23 31 31 30 33 44 10 13 49 31 
49 46 9 23 13 18 40 45 26 16 34 40 
40 34 26 42 36 7 45 6 29 18 37 12 
48 22 9 9 36 10 42 37 6 1 13 22 
21 5 19 49 21 4 39 11 40 17 5 28 
27 0 34 8 20 24 22 19 46 31 30 34 
42 22 22 0 25 35 22 49 40 42 48 13 
48 40 24 40 9 31 19 36 32 5 44 4 
29 19 23 26 0 5 10 42 29 34 43 5 
21 17 4 13 11 4 26 9 44 2 2 6 
34 21 42 18 28 39 22 8 8 48 36 8 
3 48 3 33 33 48 40 4 17 46 18 29 
0 46 38 47 49 40 3 33 13 47 3 42 
36 25 2 46 25 38 7 29 36 10 14 21 
10 4 28 27 0 48 6 2 44 47 49 43 
39 2 28 3 0 31 47 38 9 1 35 34 
39 42 15 27 4 29 49 14 35 29 43 35 
27 0 38 21 49 39 17 38 42 45 43 44 
29 40 32 40 41 19 26 32 11 42 10 17 
23 11 31 9 40 25 46 17 27 34 40 26 
24 7 14 18 5 8 12 36 0 46 26 44 
16 2 28 29 46 40 47 20 1 30 31 43 
7 27 12 36 14 5 12 40 12 29 10 19 
39 24 5 41 20 33 37 38 38 16 20 34 
6 17 6 10 49 37 5 9 17 18 45 33 
23 8 23 37 39 33 7 28 7 14 21 29 
0 9 18 38 25 38 24 33 7 31 43 8 
33 36 27 15 43 35 36 42 49 21 12 27 
40 9 13 26 40 26 22 36 11 18 17 29 
32 30 12 23 17 35 29 2 22 8 19 17 
43 6 11 42 29 23 21 19 34 37 48 24 
15 20 13 26 41 30 6 23 12 20 46 31 
5 25 34 27 36 5 46 29 13 7 24 45 
32 45 14 17 34 14 43 0 37 8 26 28 
38 34 3 1 4 49 32 10 26 18 39 12 
26 36 44 39 45 20 34 28 17 1 47 2 
17 42 2 6 1 30 36 41 15 39 44 19 
40 29 31 17 47 21 31 25 9 27 17 6 
47 3 36 15 6 33 19 24 28 21 32 29 
3 19 20 18 8 15 40 49 46 23 18 45 
46 1 21 5 29 38 14 28 41 0 43 0 
34 14 24 14 37 6 43 41 27 15 9 36 
32 1 37 28 25 7 24 21 8 45 29 37 
35 43 18 28 43 11 28 29 26 4 43 13 
13 38 6 40 4 18 28 38 19 17 17 46 
24 43 20 33 40 49 22 25 44 40 5 39 
4 36 19 32 42 14 47 7 5 4 48 11 
22 28 49 43 46 18 40 22 11 10 5 1 
11 30 28 5 20 36 44 26 22 15 8 16 
32 8 24 37 12 24 0 36 2 49 29 0 
18 21 23 31 31 30 33 44 10 13 49 31 
49 46 9 23 13 18 40 45 26 16 34 40 
40 34 26 42 36 7 45 6 29 18 37 12 
48 22 9 9 36 10 42 37 6 1 13 22 
21 5 19 49 21 4 39 11 40 17 5 28 
27 0 34 8 20 24 22 19 46 31 30 34 
42 22 22 0 25 35 22 49 40 42 48 13 
48 40 24 40 9 31 19 36 32 5 44 4 
29 19 23 26 0 5 10 42 29 34 43 5 
21 17 4 13 11 4 26 9 44 2 2 6 
34 21 42 18 28 39 22 8 8 48 36 8 
3 48 3 33 33 48 40 4 17 46 18 29 
0 46 38 47 49 40 3 33 13 47 3 42 
36 25 2 46 25 38 7 29 36 10 14 21 
10 4 28 27 0 48 6 2 44 47 49 43 
39 2 28 3 0 31 47 38 9 1 35 34 
39 42 15 27 4 29 49 14 35 29 43 35 
27 0 38 21 49 39 17 38 42 45 43 44 
29 40 32 40 41 19 26 32 11 42 10 17 
23 11 31 9 40 25 46 17 27 34 40 26 
24 7 14 18 5 8 12 36 0 46 26 44 
16 2 28 29 46 40 47 20 1 30 31 43 
7 27 12 36 14 5 12 40 12 29 10 19 
39 24 5 41 20 33 37 38 38 16 20 34 
6 17 6 10 49 37 5 9 17 18 45 33 
23 8 23 37 39 33 7 28 7 14 21 29 
0 9 18 38 25 38 24 33 7 31 43 8 
