24.750000 59.250000 92.500000
10.500000 30.250000 55.750000
23.250000 44.750000 61.750000
13.000000 36.000000 61.500000
10.750000 32.250000 64.750000
49.500000 73.750000 102.250000
19.000000 42.250000 68.500000
32.750000 55.250000 77.000000
28.750000 49.500000 88.500000
7.000000 23.500000 55.500000
5.750000 22.500000 52.000000
37.250000 68.750000 85.000000
23.250000 54.750000 78.250000
26.000000 51.000000 76.250000
24.250000 47.500000 72.750000
15.500000 37.750000 56.750000
20.750000 37.750000 77.250000
17.750000 40.000000 64.250000
40.250000 78.250000 106.500000
8.500000 20.750000 54.000000
10.250000 30.000000 55.250000
22.500000 48.000000 69.000000
16.750000 29.250000 50.500000
19.500000 43.000000 79.250000
20.750000 44.000000 78.500000
14.250000 32.750000 61.000000
9.500000 21.250000 48.250000
32.750000 55.500000 66.000000
37.250000 71.750000 89.000000
23.250000 50.750000 86.750000
22.000000 44.750000 77.000000
7.000000 22.500000 48.500000
20.500000 35.000000 44.750000
25.250000 49.500000 72.750000
17.500000 41.750000 67.500000
17.750000 51.000000 83.750000
17.000000 41.250000 64.500000
51.250000 92.000000 105.750000
27.000000 52.500000 71.250000
21.250000 49.750000 75.500000
28.000000 68.750000 101.250000
9.250000 29.000000 59.750000
27.000000 54.250000 81.250000
10.500000 27.000000 45.500000
9.500000 37.500000 62.250000
7.000000 19.000000 41.750000
37.500000 65.000000 90.500000
9.500000 32.750000 62.750000
17.500000 40.500000 64.500000
15.750000 33.500000 61.000000
24.750000 59.250000 92.500000
10.500000 30.250000 55.750000
23.250000 44.750000 61.750000
13.000000 36.000000 61.500000
10.750000 32.250000 64.750000
49.500000 73.750000 102.250000
19.000000 42.250000 68.500000
32.750000 55.250000 77.000000
28.750000 49.500000 88.500000
7.000000 23.500000 55.500000
5.750000 22.500000 52.000000
37.250000 68.750000 85.000000
23.250000 54.750000 78.250000
26.000000 51.000000 76.250000
24.250000 47.500000 72.750000
15.500000 37.750000 56.750000
20.750000 37.750000 77.250000
17.750000 40.000000 64.250000
40.250000 78.250000 106.500000
8.500000 20.750000 54.000000
10.250000 30.000000 55.250000
22.500000 48.000000 69.000000
16.750000 29.250000 50.500000
19.500000 43.000000 79.250000
20.750000 44.000000 78.500000
14.250000 32.750000 61.000000
9.500000 21.250000 48.250000
32.750000 55.500000 66.000000
37.250000 71.750000 89.000000
23.250000 50.750000 86.750000
22.000000 44.750000 77.000000
7.000000 22.500000 48.500000
20.500000 35.000000 44.750000
25.250000 49.500000 72.750000
17.500000 41.750000 67.500000
17.750000 51.000000 83.750000
17.000000 41.250000 64.500000
51.250000 92.000000 105.750000
27.000000 52.500000 71.250000
21.250000 49.750000 75.500000
28.000000 68.750000 101.250000
9.250000 29.000000 59.750000
27.000000 54.250000 81.250000
10.500000 27.000000 45.500000
9.500000 37.500000 62.250000
7.000000 19.000000 41.750000
37.500000 65.000000 90.500000
9.500000 32.750000 62.750000
17.500000 40.500000 64.500000
15.750000 33.500000 61.000000
24.750000 59.250000 92.500000
10.500000 30.250000 55.750000
23.250000 44.750000 61.750000
13.000000 36.000000 61.500000
10.750000 32.250000 64.750000
49.500000 73.750000 102.250000
19.000000 42.250000 68.500000
32.750000 55.250000 77.000000
28.750000 49.500000 88.500000
7.000000 23.500000 55.500000
5.750000 22.500000 52.000000
37.250000 68.750000 85.000000
23.250000 54.750000 78.250000
26.000000 51.000000 76.250000
24.250000 47.500000 72.750000
15.500000 37.750000 56.750000
20.750000 37.750000 77.250000
17.750000 40.000000 64.250000
40.250000 78.250000 106.500000
8.500000 20.750000 54.000000
10.250000 30.000000 55.250000
22.500000 48.000000 69.000000
16.750000 29.250000 50.500000
19.500000 43.000000 79.250000
20.750000 44.000000 78.500000
14.250000 32.750000 61.000000
9.500000 21.250000 48.250000
32.750000 55.500000 66.000000
37.250000 71.750000 89.000000
23.250000 50.750000 86.750000
22.000000 44.750000 77.000000
7.000000 22.500000 48.500000
20.500000 35.000000 44.750000
25.250000 49.500000 72.750000
17.500000 41.750000 67.500000
17.750000 51.000000 83.750000
17.000000 41.250000 64.500000
51.250000 92.000000 105.750000
27.000000 52.500000 71.250000
21.250000 49.750000 75.500000
28.000000 68.750000 101.250000
9.250000 29.000000 59.750000
27.000000 54.250000 81.250000
10.500000 27.000000 45.500000
9.500000 37.500000 62.250000
7.000000 19.000000 41.750000
37.500000 65.000000 90.500000
9.500000 32.750000 62.750000
17.500000 40.500000 64.500000
15.750000 33.500000 61.000000
24.750000 59.250000 92.500000
10.500000 30.250000 55.750000
23.250000 44.750000 61.750000
13.000000 36.000000 61.500000
10.750000 32.250000 64.750000
49.500000 73.750000 102.250000
19.000000 42.250000 68.500000
32.750000 55.250000 77.000000
28.750000 49.500000 88.500000
7.000000 23.500000 55.500000
5.750000 22.500000 52.000000
37.250000 68.750000 85.000000
23.250000 54.750000 78.250000
26.000000 51.000000 76.250000
24.250000 47.500000 72.750000
15.500000 37.750000 56.750000
20.750000 37.750000 77.250000
17.750000 40.000000 64.250000
40.250000 78.250000 106.500000
8.500000 20.750000 54.000000
10.250000 30.000000 55.250000
22.500000 48.000000 69.000000
16.750000 29.250000 50.500000
19.500000 43.000000 79.250000
20.750000 44.000000 78.500000
14.250000 32.750000 61.000000
9.500000 21.250000 48.250000
32.750000 55.500000 66.000000
37.250000 71.750000 89.000000
23.250000 50.750000 86.750000
22.000000 44.750000 77.000000
7.000000 22.500000 48.500000
20.500000 35.000000 44.750000
25.250000 49.500000 72.750000
17.500000 41.750000 67.500000
17.750000 51.000000 83.750000
17.000000 41.250000 64.500000
51.250000 92.000000 105.750000
27.000000 52.500000 71.250000
21.250000 49.750000 75.500000
28.000000 68.750000 101.250000
9.250000 29.000000 59.750000
27.000000 54.250000 81.250000
10.500000 27.000000 45.500000
9.500000 37.500000 62.250000
7.000000 19.000000 41.750000
37.500000 65.000000 90.500000
9.500000 32.750000 62.750000
17.500000 40.500000 64.500000
15.750000 33.500000 61.000000
24.750000 59.250000 92.500000
10.500000 30.250000 55.750000
23.250000 44.750000 61.750000
13.000000 36.000000 61.500000
10.750000 32.250000 64.750000
49.500000 73.750000 102.250000
19.000000 42.250000 68.500000
32.750000 55.250000 77.000000
28.750000 49.500000 88.500000
7.000000 23.500000 55.500000
5.750000 22.500000 52.000000
37.250000 68.750000 85.000000
23.250000 54.750000 78.250000
26.000000 51.000000 76.250000
24.250000 47.500000 72.750000
15.500000 37.750000 56.750000
20.750000 37.750000 77.250000
17.750000 40.000000 64.250000
40.250000 78.250000 106.500000
8.500000 20.750000 54.000000
10.250000 30.000000 55.250000
22.500000 48.000000 69.000000
16.750000 29.250000 50.500000
19.500000 43.000000 79.250000
20.750000 44.000000 78.500000
14.250000 32.750000 61.000000
9.500000 21.250000 48.250000
32.750000 55.500000 66.000000
37.250000 71.750000 89.000000
23.250000 50.750000 86.750000
22.000000 44.750000 77.000000
7.000000 22.500000 48.500000
20.500000 35.000000 44.750000
25.250000 49.500000 72.750000
17.500000 41.750000 67.500000
17.750000 51.000000 83.750000
17.000000 41.250000 64.500000
51.250000 92.000000 105.750000
27.000000 52.500000 71.250000
21.250000 49.750000 75.500000
28.000000 68.750000 101.250000
9.250000 29.000000 59.750000
27.000000 54.250000 81.250000
10.500000 27.000000 45.500000
9.500000 37.500000 62.250000
7.000000 19.000000 41.750000
37.500000 65.000000 90.500000
9.500000 32.750000 62.750000
17.500000 40.500000 64.500000
15.750000 33.500000 61.000000
24.750000 59.250000 92.500000
10.500000 30.250000 55.750000
23.250000 44.750000 61.750000
13.000000 36.000000 61.500000
10.750000 32.250000 64.750000
49.500000 73.750000 102.250000
19.000000 42.250000 68.500000
32.750000 55.250000 77.000000
28.750000 49.500000 88.500000
7.000000 23.500000 55.500000
5.750000 22.500000 52.000000
37.250000 68.750000 85.000000
23.250000 54.750000 78.250000
26.000000 51.000000 76.250000
24.250000 47.500000 72.750000
15.500000 37.750000 56.750000
20.750000 37.750000 77.250000
17.750000 40.000000 64.250000
40.250000 78.250000 106.500000
8.500000 20.750000 54.000000
10.250000 30.000000 55.250000
22.500000 48.000000 69.000000
16.750000 29.250000 50.500000
19.500000 43.000000 79.250000
20.750000 44.000000 78.500000
14.250000 32.750000 61.000000
9.500000 21.250000 48.250000
32.750000 55.500000 66.000000
37.250000 71.750000 89.000000
23.250000 50.750000 86.750000
22.000000 44.750000 77.000000
7.000000 22.500000 48.500000
20.500000 35.000000 44.750000
25.250000 49.500000 72.750000
17.500000 41.750000 67.500000
17.750000 51.000000 83.750000
17.000000 41.250000 64.500000
51.250000 92.000000 105.750000
27.000000 52.500000 71.250000
21.250000 49.750000 75.500000
28.000000 68.750000 101.250000
9.250000 29.000000 59.750000
27.000000 54.250000 81.250000
10.500000 27.000000 45.500000
9.500000 37.500000 62.250000
7.000000 19.000000 41.750000
37.500000 65.000000 90.500000
9.500000 32.750000 62.750000
17.500000 40.500000 64.500000
15.750000 33.500000 61.000000
24.750000 59.250000 92.500000
10.500000 30.250000 55.750000
23.250000 44.750000 61.750000
13.000000 36.000000 61.500000
10.750000 32.250000 64.750000
49.500000 73.750000 102.250000
19.000000 42.250000 68.500000
32.750000 55.250000 77.000000
28.750000 49.500000 88.500000
7.000000 23.500000 55.500000
5.750000 22.500000 52.000000
37.250000 68.750000 85.000000
23.250000 54.750000 78.250000
26.000000 51.000000 76.250000
24.250000 47.500000 72.750000
15.500000 37.750000 56.750000
20.750000 37.750000 77.250000
17.750000 40.000000 64.250000
40.250000 78.250000 106.500000
8.500000 20.750000 54.000000
10.250000 30.000000 55.250000
22.500000 48.000000 69.000000
16.750000 29.250000 50.500000
19.500000 43.000000 79.250000
20.750000 44.000000 78.500000
14.250000 32.750000 61.000000
9.500000 21.250000 48.250000
32.750000 55.500000 66.000000
37.250000 71.750000 89.000000
23.250000 50.750000 86.750000
22.000000 44.750000 77.000000
7.000000 22.500000 48.500000
20.500000 35.000000 44.750000
25.250000 49.500000 72.750000
17.500000 41.750000 67.500000
17.750000 51.000000 83.750000
17.000000 41.250000 64.500000
51.250000 92.000000 105.750000
27.000000 52.500000 71.250000
21.250000 49.750000 75.500000
28.000000 68.750000 101.250000
9.250000 29.000000 59.750000
27.000000 54.250000 81.250000
10.500000 27.000000 45.500000
9.500000 37.500000 62.250000
7.000000 19.000000 41.750000
37.500000 65.000000 90.500000
9.500000 32.750000 62.750000
17.500000 40.500000 64.500000
15.750000 33.500000 61.000000
24.750000 59.250000 92.500000
10.500000 30.250000 55.750000
23.250000 44.750000 61.750000
13.000000 36.000000 61.500000
10.750000 32.250000 64.750000
49.500000 73.750000 102.250000
19.000000 42.250000 68.500000
32.750000 55.250000 77.000000
28.750000 49.500000 88.500000
7.000000 23.500000 55.500000
5.750000 22.500000 52.000000
37.250000 68.750000 85.000000
23.250000 54.750000 78.250000
26.000000 51.000000 76.250000
24.250000 47.500000 72.750000
15.500000 37.750000 56.750000
20.750000 37.750000 77.250000
17.750000 40.000000 64.250000
40.250000 78.250000 106.500000
8.500000 20.750000 54.000000
10.250000 30.000000 55.250000
22.500000 48.000000 69.000000
16.750000 29.250000 50.500000
19.500000 43.000000 79.250000
20.750000 44.000000 78.500000
14.250000 32.750000 61.000000
9.500000 21.250000 48.250000
32.750000 55.500000 66.000000
37.250000 71.750000 89.000000
23.250000 50.750000 86.750000
22.000000 44.750000 77.000000
7.000000 22.500000 48.500000
20.500000 35.000000 44.750000
25.250000 49.500000 72.750000
17.500000 41.750000 67.500000
17.750000 51.000000 83.750000
17.000000 41.250000 64.500000
51.250000 92.000000 105.750000
27.000000 52.500000 71.250000
21.250000 49.750000 75.500000
28.000000 68.750000 101.250000
9.250000 29.000000 59.750000
27.000000 54.250000 81.250000
10.500000 27.000000 45.500000
9.500000 37.500000 62.250000
7.000000 19.000000 41.750000
37.500000 65.000000 90.500000
9.500000 32.750000 62.750000
17.500000 40.500000 64.500000
15.750000 33.500000 61.000000
24.750000 59.250000 92.500000
10.500000 30.250000 55.750000
23.250000 44.750000 61.750000
13.000000 36.000000 61.500000
10.750000 32.250000 64.750000
49.500000 73.750000 102.250000
19.000000 42.250000 68.500000
32.750000 55.250000 77.000000
28.750000 49.500000 88.500000
7.000000 23.500000 55.500000
5.750000 22.500000 52.000000
37.250000 68.750000 85.000000
23.250000 54.750000 78.250000
26.000000 51.000000 76.250000
24.250000 47.500000 72.750000
15.500000 37.750000 56.750000
20.750000 37.750000 77.250000
17.750000 40.000000 64.250000
40.250000 78.250000 106.500000
8.500000 20.750000 54.000000
10.250000 30.000000 55.250000
22.500000 48.000000 69.000000
16.750000 29.250000 50.500000
19.500000 43.000000 79.250000
20.750000 44.000000 78.500000
14.250000 32.750000 61.000000
9.500000 21.250000 48.250000
32.750000 55.500000 66.000000
37.250000 71.750000 89.000000
23.250000 50.750000 86.750000
22.000000 44.750000 77.000000
7.000000 22.500000 48.500000
20.500000 35.000000 44.750000
25.250000 49.500000 72.750000
17.500000 41.750000 67.500000
17.750000 51.000000 83.750000
17.000000 41.250000 64.500000
51.250000 92.000000 105.750000
27.000000 52.500000 71.250000
21.250000 49.750000 75.500000
28.000000 68.750000 101.250000
9.250000 29.000000 59.750000
27.000000 54.250000 81.250000
10.500000 27.000000 45.500000
9.500000 37.500000 62.250000
7.000000 19.000000 41.750000
37.500000 65.000000 90.500000
9.500000 32.750000 62.750000
17.500000 40.500000 64.500000
15.750000 33.500000 61.000000
24.750000 59.250000 92.500000
10.500000 30.250000 55.750000
23.250000 44.750000 61.750000
13.000000 36.000000 61.500000
10.750000 32.250000 64.750000
49.500000 73.750000 102.250000
19.000000 42.250000 68.500000
32.750000 55.250000 77.000000
28.750000 49.500000 88.500000
7.000000 23.500000 55.500000
5.750000 22.500000 52.000000
37.250000 68.750000 85.000000
23.250000 54.750000 78.250000
26.000000 51.000000 76.250000
24.250000 47.500000 72.750000
15.500000 37.750000 56.750000
20.750000 37.750000 77.250000
17.750000 40.000000 64.250000
40.250000 78.250000 106.500000
8.500000 20.750000 54.000000
10.250000 30.000000 55.250000
22.500000 48.000000 69.000000
16.750000 29.250000 50.500000
19.500000 43.000000 79.250000
20.750000 44.000000 78.500000
14.250000 32.750000 61.000000
9.500000 21.250000 48.250000
32.750000 55.500000 66.000000
37.250000 71.750000 89.000000
23.250000 50.750000 86.750000
22.000000 44.750000 77.000000
7.000000 22.500000 48.500000
20.500000 35.000000 44.750000
25.250000 49.500000 72.750000
17.500000 41.750000 67.500000
17.750000 51.000000 83.750000
17.000000 41.250000 64.500000
51.250000 92.000000 105.750000
27.000000 52.500000 71.250000
21.250000 49.750000 75.500000
28.000000 68.750000 101.250000
9.250000 29.000000 59.750000
27.000000 54.250000 81.250000
10.500000 27.000000 45.500000
9.500000 37.500000 62.250000
7.000000 19.000000 41.750000
37.500000 65.000000 90.500000
9.500000 32.750000 62.750000
17.500000 40.500000 64.500000
15.750000 33.500000 61.000000
24.750000 59.250000 92.500000
10.500000 30.250000 55.750000
23.250000 44.750000 61.750000
13.000000 36.000000 61.500000
10.750000 32.250000 64.750000
49.500000 73.750000 102.250000
19.000000 42.250000 68.500000
32.750000 55.250000 77.000000
28.750000 49.500000 88.500000
7.000000 23.500000 55.500000
5.750000 22.500000 52.000000
37.250000 68.750000 85.000000
23.250000 54.750000 78.250000
26.000000 51.000000 76.250000
24.250000 47.500000 72.750000
15.500000 37.750000 56.750000
20.750000 37.750000 77.250000
17.750000 40.000000 64.250000
40.250000 78.250000 106.500000
8.500000 20.750000 54.000000
10.250000 30.000000 55.250000
22.500000 48.000000 69.000000
16.750000 29.250000 50.500000
19.500000 43.000000 79.250000
20.750000 44.000000 78.500000
14.250000 32.750000 61.000000
9.500000 21.250000 48.250000
32.750000 55.500000 66.000000
37.250000 71.750000 89.000000
23.250000 50.750000 86.750000
22.000000 44.750000 77.000000
7.000000 22.500000 48.500000
20.500000 35.000000 44.750000
25.250000 49.500000 72.750000
17.500000 41.750000 67.500000
17.750000 51.000000 83.750000
17.000000 41.250000 64.500000
51.250000 92.000000 105.750000
27.000000 52.500000 71.250000
21.250000 49.750000 75.500000
28.000000 68.750000 101.250000
9.250000 29.000000 59.750000
27.000000 54.250000 81.250000
10.500000 27.000000 45.500000
9.500000 37.500000 62.250000
7.000000 19.000000 41.750000
37.500000 65.000000 90.500000
9.500000 32.750000 62.750000
17.500000 40.500000 64.500000
15.750000 33.500000 61.000000
24.750000 59.250000 92.500000
10.500000 30.250000 55.750000
23.250000 44.750000 61.750000
13.000000 36.000000 61.500000
10.750000 32.250000 64.750000
49.500000 73.750000 102.250000
19.000000 42.250000 68.500000
32.750000 55.250000 77.000000
28.750000 49.500000 88.500000
7.000000 23.500000 55.500000
5.750000 22.500000 52.000000
37.250000 68.750000 85.000000
23.250000 54.750000 78.250000
26.000000 51.000000 76.250000
24.250000 47.500000 72.750000
15.500000 37.750000 56.750000
20.750000 37.750000 77.250000
17.750000 40.000000 64.250000
40.250000 78.250000 106.500000
8.500000 20.750000 54.000000
10.250000 30.000000 55.250000
22.500000 48.000000 69.000000
16.750000 29.250000 50.500000
19.500000 43.000000 79.250000
20.750000 44.000000 78.500000
14.250000 32.750000 61.000000
9.500000 21.250000 48.250000
32.750000 55.500000 66.000000
37.250000 71.750000 89.000000
23.250000 50.750000 86.750000
22.000000 44.750000 77.000000
7.000000 22.500000 48.500000
20.500000 35.000000 44.750000
25.250000 49.500000 72.750000
17.500000 41.750000 67.500000
17.750000 51.000000 83.750000
17.000000 41.250000 64.500000
51.250000 92.000000 105.750000
27.000000 52.500000 71.250000
21.250000 49.750000 75.500000
28.000000 68.750000 101.250000
9.250000 29.000000 59.750000
27.000000 54.250000 81.250000
10.500000 27.000000 45.500000
9.500000 37.500000 62.250000
7.000000 19.000000 41.750000
37.500000 65.000000 90.500000
9.500000 32.750000 62.750000
17.500000 40.500000 64.500000
15.750000 33.500000 61.000000
24.750000 59.250000 92.500000
10.500000 30.250000 55.750000
23.250000 44.750000 61.750000
13.000000 36.000000 61.500000
10.750000 32.250000 64.750000
49.500000 73.750000 102.250000
19.000000 42.250000 68.500000
32.750000 55.250000 77.000000
28.750000 49.500000 88.500000
7.000000 23.500000 55.500000
5.750000 22.500000 52.000000
37.250000 68.750000 85.000000
23.250000 54.750000 78.250000
26.000000 51.000000 76.250000
24.250000 47.500000 72.750000
15.500000 37.750000 56.750000
20.750000 37.750000 77.250000
17.750000 40.000000 64.250000
40.250000 78.250000 106.500000
8.500000 20.750000 54.000000
10.250000 30.000000 55.250000
22.500000 48.000000 69.000000
16.750000 29.250000 50.500000
19.500000 43.000000 79.250000
20.750000 44.000000 78.500000
14.250000 32.750000 61.000000
9.500000 21.250000 48.250000
32.750000 55.500000 66.000000
37.250000 71.750000 89.000000
23.250000 50.750000 86.750000
22.000000 44.750000 77.000000
7.000000 22.500000 48.500000
20.500000 35.000000 44.750000
25.250000 49.500000 72.750000
17.500000 41.750000 67.500000
17.750000 51.000000 83.750000
17.000000 41.250000 64.500000
51.250000 92.000000 105.750000
27.000000 52.500000 71.250000
21.250000 49.750000 75.500000
28.000000 68.750000 101.250000
9.250000 29.000000 59.750000
27.000000 54.250000 81.250000
10.500000 27.000000 45.500000
9.500000 37.500000 62.250000
7.000000 19.000000 41.750000
37.500000 65.000000 90.500000
9.500000 32.750000 62.750000
17.500000 40.500000 64.500000
15.750000 33.500000 61.000000
24.750000 59.250000 92.500000
10.500000 30.250000 55.750000
23.250000 44.750000 61.750000
13.000000 36.000000 61.500000
10.750000 32.250000 64.750000
49.500000 73.750000 102.250000
19.000000 42.250000 68.500000
32.750000 55.250000 77.000000
28.750000 49.500000 88.500000
7.000000 23.500000 55.500000
5.750000 22.500000 52.000000
37.250000 68.750000 85.000000
23.250000 54.750000 78.250000
26.000000 51.000000 76.250000
24.250000 47.500000 72.750000
15.500000 37.750000 56.750000
20.750000 37.750000 77.250000
17.750000 40.000000 64.250000
40.250000 78.250000 106.500000
8.500000 20.750000 54.000000
10.250000 30.000000 55.250000
22.500000 48.000000 69.000000
16.750000 29.250000 50.500000
19.500000 43.000000 79.250000
20.750000 44.000000 78.500000
14.250000 32.750000 61.000000
9.500000 21.250000 48.250000
32.750000 55.500000 66.000000
37.250000 71.750000 89.000000
23.250000 50.750000 86.750000
22.000000 44.750000 77.000000
7.000000 22.500000 48.500000
20.500000 35.000000 44.750000
25.250000 49.500000 72.750000
17.500000 41.750000 67.500000
17.750000 51.000000 83.750000
17.000000 41.250000 64.500000
51.250000 92.000000 105.750000
27.000000 52.500000 71.250000
21.250000 49.750000 75.500000
28.000000 68.750000 101.250000
9.250000 29.000000 59.750000
27.000000 54.250000 81.250000
10.500000 27.000000 45.500000
9.500000 37.500000 62.250000
7.000000 19.000000 41.750000
37.500000 65.000000 90.500000
9.500000 32.750000 62.750000
17.500000 40.500000 64.500000
15.750000 33.500000 61.000000
24.750000 59.250000 92.500000
10.500000 30.250000 55.750000
23.250000 44.750000 61.750000
13.000000 36.000000 61.500000
10.750000 32.250000 64.750000
49.500000 73.750000 102.250000
19.000000 42.250000 68.500000
32.750000 55.250000 77.000000
28.750000 49.500000 88.500000
7.000000 23.500000 55.500000
5.750000 22.500000 52.000000
37.250000 68.750000 85.000000
23.250000 54.750000 78.250000
26.000000 51.000000 76.250000
24.250000 47.500000 72.750000
15.500000 37.750000 56.750000
20.750000 37.750000 77.250000
17.750000 40.000000 64.250000
40.250000 78.250000 106.500000
8.500000 20.750000 54.000000
10.250000 30.000000 55.250000
22.500000 48.000000 69.000000
16.750000 29.250000 50.500000
19.500000 43.000000 79.250000
20.750000 44.000000 78.500000
14.250000 32.750000 61.000000
9.500000 21.250000 48.250000
32.750000 55.500000 66.000000
37.250000 71.750000 89.000000
23.250000 50.750000 86.750000
22.000000 44.750000 77.000000
7.000000 22.500000 48.500000
20.500000 35.000000 44.750000
25.250000 49.500000 72.750000
17.500000 41.750000 67.500000
17.750000 51.000000 83.750000
17.000000 41.250000 64.500000
51.250000 92.000000 105.750000
27.000000 52.500000 71.250000
21.250000 49.750000 75.500000
28.000000 68.750000 101.250000
9.250000 29.000000 59.750000
27.000000 54.250000 81.250000
10.500000 27.000000 45.500000
9.500000 37.500000 62.250000
7.000000 19.000000 41.750000
37.500000 65.000000 90.500000
9.500000 32.750000 62.750000
17.500000 40.500000 64.500000
15.750000 33.500000 61.000000
24.750000 59.250000 92.500000
10.500000 30.250000 55.750000
23.250000 44.750000 61.750000
13.000000 36.000000 61.500000
10.750000 32.250000 64.750000
49.500000 73.750000 102.250000
19.000000 42.250000 68.500000
32.750000 55.250000 77.000000
28.750000 49.500000 88.500000
7.000000 23.500000 55.500000
5.750000 22.500000 52.000000
37.250000 68.750000 85.000000
23.250000 54.750000 78.250000
26.000000 51.000000 76.250000
24.250000 47.500000 72.750000
15.500000 37.750000 56.750000
20.750000 37.750000 77.250000
17.750000 40.000000 64.250000
40.250000 78.250000 106.500000
8.500000 20.750000 54.000000
10.250000 30.000000 55.250000
22.500000 48.000000 69.000000
16.750000 29.250000 50.500000
19.500000 43.000000 79.250000
20.750000 44.000000 78.500000
14.250000 32.750000 61.000000
9.500000 21.250000 48.250000
32.750000 55.500000 66.000000
37.250000 71.750000 89.000000
23.250000 50.750000 86.750000
22.000000 44.750000 77.000000
7.000000 22.500000 48.500000
20.500000 35.000000 44.750000
25.250000 49.500000 72.750000
17.500000 41.750000 67.500000
17.750000 51.000000 83.750000
17.000000 41.250000 64.500000
51.250000 92.000000 105.750000
27.000000 52.500000 71.250000
21.250000 49.750000 75.500000
28.000000 68.750000 101.250000
9.250000 29.000000 59.750000
27.000000 54.250000 81.250000
10.500000 27.000000 45.500000
9.500000 37.500000 62.250000
7.000000 19.000000 41.750000
37.500000 65.000000 90.500000
9.500000 32.750000 62.750000
17.500000 40.500000 64.500000
15.750000 33.500000 61.000000
24.750000 59.250000 92.500000
10.500000 30.250000 55.750000
23.250000 44.750000 61.750000
13.000000 36.000000 61.500000
10.750000 32.250000 64.750000
49.500000 73.750000 102.250000
19.000000 42.250000 68.500000
32.750000 55.250000 77.000000
28.750000 49.500000 88.500000
7.000000 23.500000 55.500000
5.750000 22.500000 52.000000
37.250000 68.750000 85.000000
23.250000 54.750000 78.250000
26.000000 51.000000 76.250000
24.250000 47.500000 72.750000
15.500000 37.750000 56.750000
20.750000 37.750000 77.250000
17.750000 40.000000 64.250000
40.250000 78.250000 106.500000
8.500000 20.750000 54.000000
10.250000 30.000000 55.250000
22.500000 48.000000 69.000000
16.750000 29.250000 50.500000
19.500000 43.000000 79.250000
20.750000 44.000000 78.500000
14.250000 32.750000 61.000000
9.500000 21.250000 48.250000
32.750000 55.500000 66.000000
37.250000 71.750000 89.000000
23.250000 50.750000 86.750000
22.000000 44.750000 77.000000
7.000000 22.500000 48.500000
20.500000 35.000000 44.750000
25.250000 49.500000 72.750000
17.500000 41.750000 67.500000
17.750000 51.000000 83.750000
17.000000 41.250000 64.500000
51.250000 92.000000 105.750000
27.000000 52.500000 71.250000
21.250000 49.750000 75.500000
28.000000 68.750000 101.250000
9.250000 29.000000 59.750000
27.000000 54.250000 81.250000
10.500000 27.000000 45.500000
9.500000 37.500000 62.250000
7.000000 19.000000 41.750000
37.500000 65.000000 90.500000
9.500000 32.750000 62.750000
17.500000 40.500000 64.500000
15.750000 33.500000 61.000000
24.750000 59.250000 92.500000
10.500000 30.250000 55.750000
23.250000 44.750000 61.750000
13.000000 36.000000 61.500000
10.750000 32.250000 64.750000
49.500000 73.750000 102.250000
19.000000 42.250000 68.500000
32.750000 55.250000 77.000000
28.750000 49.500000 88.500000
7.000000 23.500000 55.500000
5.750000 22.500000 52.000000
37.250000 68.750000 85.000000
23.250000 54.750000 78.250000
26.000000 51.000000 76.250000
24.250000 47.500000 72.750000
15.500000 37.750000 56.750000
20.750000 37.750000 77.250000
17.750000 40.000000 64.250000
40.250000 78.250000 106.500000
8.500000 20.750000 54.000000
10.250000 30.000000 55.250000
22.500000 48.000000 69.000000
16.750000 29.250000 50.500000
19.500000 43.000000 79.250000
20.750000 44.000000 78.500000
14.250000 32.750000 61.000000
9.500000 21.250000 48.250000
32.750000 55.500000 66.000000
37.250000 71.750000 89.000000
23.250000 50.750000 86.750000
22.000000 44.750000 77.000000
7.000000 22.500000 48.500000
20.500000 35.000000 44.750000
25.250000 49.500000 72.750000
17.500000 41.750000 67.500000
17.750000 51.000000 83.750000
17.000000 41.250000 64.500000
51.250000 92.000000 105.750000
27.000000 52.500000 71.250000
21.250000 49.750000 75.500000
28.000000 68.750000 101.250000
9.250000 29.000000 59.750000
27.000000 54.250000 81.250000
10.500000 27.000000 45.500000
9.500000 37.500000 62.250000
7.000000 19.000000 41.750000
37.500000 65.000000 90.500000
9.500000 32.750000 62.750000
17.500000 40.500000 64.500000
15.750000 33.500000 61.000000
24.750000 59.250000 92.500000
10.500000 30.250000 55.750000
23.250000 44.750000 61.750000
13.000000 36.000000 61.500000
10.750000 32.250000 64.750000
49.500000 73.750000 102.250000
19.000000 42.250000 68.500000
32.750000 55.250000 77.000000
28.750000 49.500000 88.500000
7.000000 23.500000 55.500000
5.750000 22.500000 52.000000
37.250000 68.750000 85.000000
23.250000 54.750000 78.250000
26.000000 51.000000 76.250000
24.250000 47.500000 72.750000
15.500000 37.750000 56.750000
20.750000 37.750000 77.250000
17.750000 40.000000 64.250000
40.250000 78.250000 106.500000
8.500000 20.750000 54.000000
10.250000 30.000000 55.250000
22.500000 48.000000 69.000000
16.750000 29.250000 50.500000
19.500000 43.000000 79.250000
20.750000 44.000000 78.500000
14.250000 32.750000 61.000000
9.500000 21.250000 48.250000
32.750000 55.500000 66.000000
37.250000 71.750000 89.000000
23.250000 50.750000 86.750000
22.000000 44.750000 77.000000
7.000000 22.500000 48.500000
20.500000 35.000000 44.750000
25.250000 49.500000 72.750000
17.500000 41.750000 67.500000
17.750000 51.000000 83.750000
17.000000 41.250000 64.500000
51.250000 92.000000 105.750000
27.000000 52.500000 71.250000
21.250000 49.750000 75.500000
28.000000 68.750000 101.250000
9.250000 29.000000 59.750000
27.000000 54.250000 81.250000
10.500000 27.000000 45.500000
9.500000 37.500000 62.250000
7.000000 19.000000 41.750000
37.500000 65.000000 90.500000
9.500000 32.750000 62.750000
17.500000 40.500000 64.500000
15.750000 33.500000 61.000000
24.750000 59.250000 92.500000
10.500000 30.250000 55.750000
23.250000 44.750000 61.750000
13.000000 36.000000 61.500000
10.750000 32.250000 64.750000
49.500000 73.750000 102.250000
19.000000 42.250000 68.500000
32.750000 55.250000 77.000000
28.750000 49.500000 88.500000
7.000000 23.500000 55.500000
5.750000 22.500000 52.000000
37.250000 68.750000 85.000000
23.250000 54.750000 78.250000
26.000000 51.000000 76.250000
24.250000 47.500000 72.750000
15.500000 37.750000 56.750000
20.750000 37.750000 77.250000
17.750000 40.000000 64.250000
40.250000 78.250000 106.500000
8.500000 20.750000 54.000000
10.250000 30.000000 55.250000
22.500000 48.000000 69.000000
16.750000 29.250000 50.500000
19.500000 43.000000 79.250000
20.750000 44.000000 78.500000
14.250000 32.750000 61.000000
9.500000 21.250000 48.250000
32.750000 55.500000 66.000000
37.250000 71.750000 89.000000
23.250000 50.750000 86.750000
22.000000 44.750000 77.000000
7.000000 22.500000 48.500000
20.500000 35.000000 44.750000
25.250000 49.500000 72.750000
17.500000 41.750000 67.500000
17.750000 51.000000 83.750000
17.000000 41.250000 64.500000
51.250000 92.000000 105.750000
27.000000 52.500000 71.250000
21.250000 49.750000 75.500000
28.000000 68.750000 101.250000
9.250000 29.000000 59.750000
27.000000 54.250000 81.250000
10.500000 27.000000 45.500000
9.500000 37.500000 62.250000
7.000000 19.000000 41.750000
37.500000 65.000000 90.500000
9.500000 32.750000 62.750000
17.500000 40.500000 64.500000
15.750000 33.500000 61.000000
