44.250000 448.000000 315.000000
19.000000 257.000000 155.000000
27.750000 265.000000 197.000000
24.750000 293.000000 191.000000
20.750000 299.000000 169.000000
37.750000 362.000000 248.000000
30.000000 318.000000 213.000000
27.000000 285.000000 198.000000
19.000000 315.000000 159.000000
7.750000 225.000000 97.000000
11.750000 232.000000 114.000000
74.250000 488.000000 423.000000
34.500000 358.000000 264.000000
7.750000 232.000000 131.000000
32.750000 325.000000 224.000000
21.750000 252.000000 176.000000
35.000000 366.000000 208.000000
16.500000 252.000000 155.000000
58.500000 499.000000 386.000000
16.750000 249.000000 116.000000
11.500000 226.000000 125.000000
37.000000 334.000000 250.000000
4.000000 151.000000 66.000000
32.000000 367.000000 222.000000
21.750000 318.000000 180.000000
14.000000 243.000000 130.000000
14.750000 214.000000 106.000000
34.000000 269.000000 227.000000
58.750000 442.000000 373.000000
41.250000 419.000000 275.000000
19.000000 296.000000 167.000000
2.500000 176.000000 72.000000
3.000000 109.000000 70.000000
25.000000 290.000000 197.000000
13.750000 255.000000 152.000000
35.750000 407.000000 276.000000
28.750000 305.000000 212.000000
82.750000 549.000000 494.000000
38.250000 330.000000 255.000000
40.250000 378.000000 275.000000
54.750000 512.000000 382.000000
13.000000 254.000000 131.000000
53.500000 431.000000 323.000000
-6.000000 116.000000 42.000000
14.250000 268.000000 169.000000
9.000000 175.000000 84.000000
47.250000 401.000000 299.000000
17.250000 282.000000 162.000000
25.500000 290.000000 194.000000
8.500000 215.000000 105.000000
44.250000 448.000000 315.000000
19.000000 257.000000 155.000000
27.750000 265.000000 197.000000
24.750000 293.000000 191.000000
20.750000 299.000000 169.000000
37.750000 362.000000 248.000000
30.000000 318.000000 213.000000
27.000000 285.000000 198.000000
19.000000 315.000000 159.000000
7.750000 225.000000 97.000000
11.750000 232.000000 114.000000
74.250000 488.000000 423.000000
34.500000 358.000000 264.000000
7.750000 232.000000 131.000000
32.750000 325.000000 224.000000
21.750000 252.000000 176.000000
35.000000 366.000000 208.000000
16.500000 252.000000 155.000000
58.500000 499.000000 386.000000
16.750000 249.000000 116.000000
11.500000 226.000000 125.000000
37.000000 334.000000 250.000000
4.000000 151.000000 66.000000
32.000000 367.000000 222.000000
21.750000 318.000000 180.000000
14.000000 243.000000 130.000000
14.750000 214.000000 106.000000
34.000000 269.000000 227.000000
58.750000 442.000000 373.000000
41.250000 419.000000 275.000000
19.000000 296.000000 167.000000
2.500000 176.000000 72.000000
3.000000 109.000000 70.000000
25.000000 290.000000 197.000000
13.750000 255.000000 152.000000
35.750000 407.000000 276.000000
28.750000 305.000000 212.000000
82.750000 549.000000 494.000000
38.250000 330.000000 255.000000
40.250000 378.000000 275.000000
54.750000 512.000000 382.000000
13.000000 254.000000 131.000000
53.500000 431.000000 323.000000
-6.000000 116.000000 42.000000
14.250000 268.000000 169.000000
9.000000 175.000000 84.000000
47.250000 401.000000 299.000000
17.250000 282.000000 162.000000
25.500000 290.000000 194.000000
8.500000 215.000000 105.000000
44.250000 448.000000 315.000000
19.000000 257.000000 155.000000
27.750000 265.000000 197.000000
24.750000 293.000000 191.000000
20.750000 299.000000 169.000000
37.750000 362.000000 248.000000
30.000000 318.000000 213.000000
27.000000 285.000000 198.000000
19.000000 315.000000 159.000000
7.750000 225.000000 97.000000
11.750000 232.000000 114.000000
74.250000 488.000000 423.000000
34.500000 358.000000 264.000000
7.750000 232.000000 131.000000
32.750000 325.000000 224.000000
21.750000 252.000000 176.000000
35.000000 366.000000 208.000000
16.500000 252.000000 155.000000
58.500000 499.000000 386.000000
16.750000 249.000000 116.000000
11.500000 226.000000 125.000000
37.000000 334.000000 250.000000
4.000000 151.000000 66.000000
32.000000 367.000000 222.000000
21.750000 318.000000 180.000000
14.000000 243.000000 130.000000
14.750000 214.000000 106.000000
34.000000 269.000000 227.000000
58.750000 442.000000 373.000000
41.250000 419.000000 275.000000
19.000000 296.000000 167.000000
2.500000 176.000000 72.000000
3.000000 109.000000 70.000000
25.000000 290.000000 197.000000
13.750000 255.000000 152.000000
35.750000 407.000000 276.000000
28.750000 305.000000 212.000000
82.750000 549.000000 494.000000
38.250000 330.000000 255.000000
40.250000 378.000000 275.000000
54.750000 512.000000 382.000000
13.000000 254.000000 131.000000
53.500000 431.000000 323.000000
-6.000000 116.000000 42.000000
14.250000 268.000000 169.000000
9.000000 175.000000 84.000000
47.250000 401.000000 299.000000
17.250000 282.000000 162.000000
25.500000 290.000000 194.000000
8.500000 215.000000 105.000000
44.250000 448.000000 315.000000
19.000000 257.000000 155.000000
27.750000 265.000000 197.000000
24.750000 293.000000 191.000000
20.750000 299.000000 169.000000
37.750000 362.000000 248.000000
30.000000 318.000000 213.000000
27.000000 285.000000 198.000000
19.000000 315.000000 159.000000
7.750000 225.000000 97.000000
11.750000 232.000000 114.000000
74.250000 488.000000 423.000000
34.500000 358.000000 264.000000
7.750000 232.000000 131.000000
32.750000 325.000000 224.000000
21.750000 252.000000 176.000000
35.000000 366.000000 208.000000
16.500000 252.000000 155.000000
58.500000 499.000000 386.000000
16.750000 249.000000 116.000000
11.500000 226.000000 125.000000
37.000000 334.000000 250.000000
4.000000 151.000000 66.000000
32.000000 367.000000 222.000000
21.750000 318.000000 180.000000
14.000000 243.000000 130.000000
14.750000 214.000000 106.000000
34.000000 269.000000 227.000000
58.750000 442.000000 373.000000
41.250000 419.000000 275.000000
19.000000 296.000000 167.000000
2.500000 176.000000 72.000000
3.000000 109.000000 70.000000
25.000000 290.000000 197.000000
13.750000 255.000000 152.000000
35.750000 407.000000 276.000000
28.750000 305.000000 212.000000
82.750000 549.000000 494.000000
38.250000 330.000000 255.000000
40.250000 378.000000 275.000000
54.750000 512.000000 382.000000
13.000000 254.000000 131.000000
53.500000 431.000000 323.000000
-6.000000 116.000000 42.000000
14.250000 268.000000 169.000000
9.000000 175.000000 84.000000
47.250000 401.000000 299.000000
17.250000 282.000000 162.000000
25.500000 290.000000 194.000000
8.500000 215.000000 105.000000
44.250000 448.000000 315.000000
19.000000 257.000000 155.000000
27.750000 265.000000 197.000000
24.750000 293.000000 191.000000
20.750000 299.000000 169.000000
37.750000 362.000000 248.000000
30.000000 318.000000 213.000000
27.000000 285.000000 198.000000
19.000000 315.000000 159.000000
7.750000 225.000000 97.000000
11.750000 232.000000 114.000000
74.250000 488.000000 423.000000
34.500000 358.000000 264.000000
7.750000 232.000000 131.000000
32.750000 325.000000 224.000000
21.750000 252.000000 176.000000
35.000000 366.000000 208.000000
16.500000 252.000000 155.000000
58.500000 499.000000 386.000000
16.750000 249.000000 116.000000
11.500000 226.000000 125.000000
37.000000 334.000000 250.000000
4.000000 151.000000 66.000000
32.000000 367.000000 222.000000
21.750000 318.000000 180.000000
14.000000 243.000000 130.000000
14.750000 214.000000 106.000000
34.000000 269.000000 227.000000
58.750000 442.000000 373.000000
41.250000 419.000000 275.000000
19.000000 296.000000 167.000000
2.500000 176.000000 72.000000
3.000000 109.000000 70.000000
25.000000 290.000000 197.000000
13.750000 255.000000 152.000000
35.750000 407.000000 276.000000
28.750000 305.000000 212.000000
82.750000 549.000000 494.000000
38.250000 330.000000 255.000000
40.250000 378.000000 275.000000
54.750000 512.000000 382.000000
13.000000 254.000000 131.000000
53.500000 431.000000 323.000000
-6.000000 116.000000 42.000000
14.250000 268.000000 169.000000
9.000000 175.000000 84.000000
47.250000 401.000000 299.000000
17.250000 282.000000 162.000000
25.500000 290.000000 194.000000
8.500000 215.000000 105.000000
44.250000 448.000000 315.000000
19.000000 257.000000 155.000000
27.750000 265.000000 197.000000
24.750000 293.000000 191.000000
20.750000 299.000000 169.000000
37.750000 362.000000 248.000000
30.000000 318.000000 213.000000
27.000000 285.000000 198.000000
19.000000 315.000000 159.000000
7.750000 225.000000 97.000000
11.750000 232.000000 114.000000
74.250000 488.000000 423.000000
34.500000 358.000000 264.000000
7.750000 232.000000 131.000000
32.750000 325.000000 224.000000
21.750000 252.000000 176.000000
35.000000 366.000000 208.000000
16.500000 252.000000 155.000000
58.500000 499.000000 386.000000
16.750000 249.000000 116.000000
11.500000 226.000000 125.000000
37.000000 334.000000 250.000000
4.000000 151.000000 66.000000
32.000000 367.000000 222.000000
21.750000 318.000000 180.000000
14.000000 243.000000 130.000000
14.750000 214.000000 106.000000
34.000000 269.000000 227.000000
58.750000 442.000000 373.000000
41.250000 419.000000 275.000000
19.000000 296.000000 167.000000
2.500000 176.000000 72.000000
3.000000 109.000000 70.000000
25.000000 290.000000 197.000000
13.750000 255.000000 152.000000
35.750000 407.000000 276.000000
28.750000 305.000000 212.000000
82.750000 549.000000 494.000000
38.250000 330.000000 255.000000
40.250000 378.000000 275.000000
54.750000 512.000000 382.000000
13.000000 254.000000 131.000000
53.500000 431.000000 323.000000
-6.000000 116.000000 42.000000
14.250000 268.000000 169.000000
9.000000 175.000000 84.000000
47.250000 401.000000 299.000000
17.250000 282.000000 162.000000
25.500000 290.000000 194.000000
8.500000 215.000000 105.000000
44.250000 448.000000 315.000000
19.000000 257.000000 155.000000
27.750000 265.000000 197.000000
24.750000 293.000000 191.000000
20.750000 299.000000 169.000000
37.750000 362.000000 248.000000
30.000000 318.000000 213.000000
27.000000 285.000000 198.000000
19.000000 315.000000 159.000000
7.750000 225.000000 97.000000
11.750000 232.000000 114.000000
74.250000 488.000000 423.000000
34.500000 358.000000 264.000000
7.750000 232.000000 131.000000
32.750000 325.000000 224.000000
21.750000 252.000000 176.000000
35.000000 366.000000 208.000000
16.500000 252.000000 155.000000
58.500000 499.000000 386.000000
16.750000 249.000000 116.000000
11.500000 226.000000 125.000000
37.000000 334.000000 250.000000
4.000000 151.000000 66.000000
32.000000 367.000000 222.000000
21.750000 318.000000 180.000000
14.000000 243.000000 130.000000
14.750000 214.000000 106.000000
34.000000 269.000000 227.000000
58.750000 442.000000 373.000000
41.250000 419.000000 275.000000
19.000000 296.000000 167.000000
2.500000 176.000000 72.000000
3.000000 109.000000 70.000000
25.000000 290.000000 197.000000
13.750000 255.000000 152.000000
35.750000 407.000000 276.000000
28.750000 305.000000 212.000000
82.750000 549.000000 494.000000
38.250000 330.000000 255.000000
40.250000 378.000000 275.000000
54.750000 512.000000 382.000000
13.000000 254.000000 131.000000
53.500000 431.000000 323.000000
-6.000000 116.000000 42.000000
14.250000 268.000000 169.000000
9.000000 175.000000 84.000000
47.250000 401.000000 299.000000
17.250000 282.000000 162.000000
25.500000 290.000000 194.000000
8.500000 215.000000 105.000000
44.250000 448.000000 315.000000
19.000000 257.000000 155.000000
27.750000 265.000000 197.000000
24.750000 293.000000 191.000000
20.750000 299.000000 169.000000
37.750000 362.000000 248.000000
30.000000 318.000000 213.000000
27.000000 285.000000 198.000000
19.000000 315.000000 159.000000
7.750000 225.000000 97.000000
11.750000 232.000000 114.000000
74.250000 488.000000 423.000000
34.500000 358.000000 264.000000
7.750000 232.000000 131.000000
32.750000 325.000000 224.000000
21.750000 252.000000 176.000000
35.000000 366.000000 208.000000
16.500000 252.000000 155.000000
58.500000 499.000000 386.000000
16.750000 249.000000 116.000000
11.500000 226.000000 125.000000
37.000000 334.000000 250.000000
4.000000 151.000000 66.000000
32.000000 367.000000 222.000000
21.750000 318.000000 180.000000
14.000000 243.000000 130.000000
14.750000 214.000000 106.000000
34.000000 269.000000 227.000000
58.750000 442.000000 373.000000
41.250000 419.000000 275.000000
19.000000 296.000000 167.000000
2.500000 176.000000 72.000000
3.000000 109.000000 70.000000
25.000000 290.000000 197.000000
13.750000 255.000000 152.000000
35.750000 407.000000 276.000000
28.750000 305.000000 212.000000
82.750000 549.000000 494.000000
38.250000 330.000000 255.000000
40.250000 378.000000 275.000000
54.750000 512.000000 382.000000
13.000000 254.000000 131.000000
53.500000 431.000000 323.000000
-6.000000 116.000000 42.000000
14.250000 268.000000 169.000000
9.000000 175.000000 84.000000
47.250000 401.000000 299.000000
17.250000 282.000000 162.000000
25.500000 290.000000 194.000000
8.500000 215.000000 105.000000
44.250000 448.000000 315.000000
19.000000 257.000000 155.000000
27.750000 265.000000 197.000000
24.750000 293.000000 191.000000
20.750000 299.000000 169.000000
37.750000 362.000000 248.000000
30.000000 318.000000 213.000000
27.000000 285.000000 198.000000
19.000000 315.000000 159.000000
7.750000 225.000000 97.000000
11.750000 232.000000 114.000000
74.250000 488.000000 423.000000
34.500000 358.000000 264.000000
7.750000 232.000000 131.000000
32.750000 325.000000 224.000000
21.750000 252.000000 176.000000
35.000000 366.000000 208.000000
16.500000 252.000000 155.000000
58.500000 499.000000 386.000000
16.750000 249.000000 116.000000
11.500000 226.000000 125.000000
37.000000 334.000000 250.000000
4.000000 151.000000 66.000000
32.000000 367.000000 222.000000
21.750000 318.000000 180.000000
14.000000 243.000000 130.000000
14.750000 214.000000 106.000000
34.000000 269.000000 227.000000
58.750000 442.000000 373.000000
41.250000 419.000000 275.000000
19.000000 296.000000 167.000000
2.500000 176.000000 72.000000
3.000000 109.000000 70.000000
25.000000 290.000000 197.000000
13.750000 255.000000 152.000000
35.750000 407.000000 276.000000
28.750000 305.000000 212.000000
82.750000 549.000000 494.000000
38.250000 330.000000 255.000000
40.250000 378.000000 275.000000
54.750000 512.000000 382.000000
13.000000 254.000000 131.000000
53.500000 431.000000 323.000000
-6.000000 116.000000 42.000000
14.250000 268.000000 169.000000
9.000000 175.000000 84.000000
47.250000 401.000000 299.000000
17.250000 282.000000 162.000000
25.500000 290.000000 194.000000
8.500000 215.000000 105.000000
44.250000 448.000000 315.000000
19.000000 257.000000 155.000000
27.750000 265.000000 197.000000
24.750000 293.000000 191.000000
20.750000 299.000000 169.000000
37.750000 362.000000 248.000000
30.000000 318.000000 213.000000
27.000000 285.000000 198.000000
19.000000 315.000000 159.000000
7.750000 225.000000 97.000000
11.750000 232.000000 114.000000
74.250000 488.000000 423.000000
34.500000 358.000000 264.000000
7.750000 232.000000 131.000000
32.750000 325.000000 224.000000
21.750000 252.000000 176.000000
35.000000 366.000000 208.000000
16.500000 252.000000 155.000000
58.500000 499.000000 386.000000
16.750000 249.000000 116.000000
11.500000 226.000000 125.000000
37.000000 334.000000 250.000000
4.000000 151.000000 66.000000
32.000000 367.000000 222.000000
21.750000 318.000000 180.000000
14.000000 243.000000 130.000000
14.750000 214.000000 106.000000
34.000000 269.000000 227.000000
58.750000 442.000000 373.000000
41.250000 419.000000 275.000000
19.000000 296.000000 167.000000
2.500000 176.000000 72.000000
3.000000 109.000000 70.000000
25.000000 290.000000 197.000000
13.750000 255.000000 152.000000
35.750000 407.000000 276.000000
28.750000 305.000000 212.000000
82.750000 549.000000 494.000000
38.250000 330.000000 255.000000
40.250000 378.000000 275.000000
54.750000 512.000000 382.000000
13.000000 254.000000 131.000000
53.500000 431.000000 323.000000
-6.000000 116.000000 42.000000
14.250000 268.000000 169.000000
9.000000 175.000000 84.000000
47.250000 401.000000 299.000000
17.250000 282.000000 162.000000
25.500000 290.000000 194.000000
8.500000 215.000000 105.000000
44.250000 448.000000 315.000000
19.000000 257.000000 155.000000
27.750000 265.000000 197.000000
24.750000 293.000000 191.000000
20.750000 299.000000 169.000000
37.750000 362.000000 248.000000
30.000000 318.000000 213.000000
27.000000 285.000000 198.000000
19.000000 315.000000 159.000000
7.750000 225.000000 97.000000
11.750000 232.000000 114.000000
74.250000 488.000000 423.000000
34.500000 358.000000 264.000000
7.750000 232.000000 131.000000
32.750000 325.000000 224.000000
21.750000 252.000000 176.000000
35.000000 366.000000 208.000000
16.500000 252.000000 155.000000
58.500000 499.000000 386.000000
16.750000 249.000000 116.000000
11.500000 226.000000 125.000000
37.000000 334.000000 250.000000
4.000000 151.000000 66.000000
32.000000 367.000000 222.000000
21.750000 318.000000 180.000000
14.000000 243.000000 130.000000
14.750000 214.000000 106.000000
34.000000 269.000000 227.000000
58.750000 442.000000 373.000000
41.250000 419.000000 275.000000
19.000000 296.000000 167.000000
2.500000 176.000000 72.000000
3.000000 109.000000 70.000000
25.000000 290.000000 197.000000
13.750000 255.000000 152.000000
35.750000 407.000000 276.000000
28.750000 305.000000 212.000000
82.750000 549.000000 494.000000
38.250000 330.000000 255.000000
40.250000 378.000000 275.000000
54.750000 512.000000 382.000000
13.000000 254.000000 131.000000
53.500000 431.000000 323.000000
-6.000000 116.000000 42.000000
14.250000 268.000000 169.000000
9.000000 175.000000 84.000000
47.250000 401.000000 299.000000
17.250000 282.000000 162.000000
25.500000 290.000000 194.000000
8.500000 215.000000 105.000000
44.250000 448.000000 315.000000
19.000000 257.000000 155.000000
27.750000 265.000000 197.000000
24.750000 293.000000 191.000000
20.750000 299.000000 169.000000
37.750000 362.000000 248.000000
30.000000 318.000000 213.000000
27.000000 285.000000 198.000000
19.000000 315.000000 159.000000
7.750000 225.000000 97.000000
11.750000 232.000000 114.000000
74.250000 488.000000 423.000000
34.500000 358.000000 264.000000
7.750000 232.000000 131.000000
32.750000 325.000000 224.000000
21.750000 252.000000 176.000000
35.000000 366.000000 208.000000
16.500000 252.000000 155.000000
58.500000 499.000000 386.000000
16.750000 249.000000 116.000000
11.500000 226.000000 125.000000
37.000000 334.000000 250.000000
4.000000 151.000000 66.000000
32.000000 367.000000 222.000000
21.750000 318.000000 180.000000
14.000000 243.000000 130.000000
14.750000 214.000000 106.000000
34.000000 269.000000 227.000000
58.750000 442.000000 373.000000
41.250000 419.000000 275.000000
19.000000 296.000000 167.000000
2.500000 176.000000 72.000000
3.000000 109.000000 70.000000
25.000000 290.000000 197.000000
13.750000 255.000000 152.000000
35.750000 407.000000 276.000000
28.750000 305.000000 212.000000
82.750000 549.000000 494.000000
38.250000 330.000000 255.000000
40.250000 378.000000 275.000000
54.750000 512.000000 382.000000
13.000000 254.000000 131.000000
53.500000 431.000000 323.000000
-6.000000 116.000000 42.000000
14.250000 268.000000 169.000000
9.000000 175.000000 84.000000
47.250000 401.000000 299.000000
17.250000 282.000000 162.000000
25.500000 290.000000 194.000000
8.500000 215.000000 105.000000
44.250000 448.000000 315.000000
19.000000 257.000000 155.000000
27.750000 265.000000 197.000000
24.750000 293.000000 191.000000
20.750000 299.000000 169.000000
37.750000 362.000000 248.000000
30.000000 318.000000 213.000000
27.000000 285.000000 198.000000
19.000000 315.000000 159.000000
7.750000 225.000000 97.000000
11.750000 232.000000 114.000000
74.250000 488.000000 423.000000
34.500000 358.000000 264.000000
7.750000 232.000000 131.000000
32.750000 325.000000 224.000000
21.750000 252.000000 176.000000
35.000000 366.000000 208.000000
16.500000 252.000000 155.000000
58.500000 499.000000 386.000000
16.750000 249.000000 116.000000
11.500000 226.000000 125.000000
37.000000 334.000000 250.000000
4.000000 151.000000 66.000000
32.000000 367.000000 222.000000
21.750000 318.000000 180.000000
14.000000 243.000000 130.000000
14.750000 214.000000 106.000000
34.000000 269.000000 227.000000
58.750000 442.000000 373.000000
41.250000 419.000000 275.000000
19.000000 296.000000 167.000000
2.500000 176.000000 72.000000
3.000000 109.000000 70.000000
25.000000 290.000000 197.000000
13.750000 255.000000 152.000000
35.750000 407.000000 276.000000
28.750000 305.000000 212.000000
82.750000 549.000000 494.000000
38.250000 330.000000 255.000000
40.250000 378.000000 275.000000
54.750000 512.000000 382.000000
13.000000 254.000000 131.000000
53.500000 431.000000 323.000000
-6.000000 116.000000 42.000000
14.250000 268.000000 169.000000
9.000000 175.000000 84.000000
47.250000 401.000000 299.000000
17.250000 282.000000 162.000000
25.500000 290.000000 194.000000
8.500000 215.000000 105.000000
44.250000 448.000000 315.000000
19.000000 257.000000 155.000000
27.750000 265.000000 197.000000
24.750000 293.000000 191.000000
20.750000 299.000000 169.000000
37.750000 362.000000 248.000000
30.000000 318.000000 213.000000
27.000000 285.000000 198.000000
19.000000 315.000000 159.000000
7.750000 225.000000 97.000000
11.750000 232.000000 114.000000
74.250000 488.000000 423.000000
34.500000 358.000000 264.000000
7.750000 232.000000 131.000000
32.750000 325.000000 224.000000
21.750000 252.000000 176.000000
35.000000 366.000000 208.000000
16.500000 252.000000 155.000000
58.500000 499.000000 386.000000
16.750000 249.000000 116.000000
11.500000 226.000000 125.000000
37.000000 334.000000 250.000000
4.000000 151.000000 66.000000
32.000000 367.000000 222.000000
21.750000 318.000000 180.000000
14.000000 243.000000 130.000000
14.750000 214.000000 106.000000
34.000000 269.000000 227.000000
58.750000 442.000000 373.000000
41.250000 419.000000 275.000000
19.000000 296.000000 167.000000
2.500000 176.000000 72.000000
3.000000 109.000000 70.000000
25.000000 290.000000 197.000000
13.750000 255.000000 152.000000
35.750000 407.000000 276.000000
28.750000 305.000000 212.000000
82.750000 549.000000 494.000000
38.250000 330.000000 255.000000
40.250000 378.000000 275.000000
54.750000 512.000000 382.000000
13.000000 254.000000 131.000000
53.500000 431.000000 323.000000
-6.000000 116.000000 42.000000
14.250000 268.000000 169.000000
9.000000 175.000000 84.000000
47.250000 401.000000 299.000000
17.250000 282.000000 162.000000
25.500000 290.000000 194.000000
8.500000 215.000000 105.000000
44.250000 448.000000 315.000000
19.000000 257.000000 155.000000
27.750000 265.000000 197.000000
24.750000 293.000000 191.000000
20.750000 299.000000 169.000000
37.750000 362.000000 248.000000
30.000000 318.000000 213.000000
27.000000 285.000000 198.000000
19.000000 315.000000 159.000000
7.750000 225.000000 97.000000
11.750000 232.000000 114.000000
74.250000 488.000000 423.000000
34.500000 358.000000 264.000000
7.750000 232.000000 131.000000
32.750000 325.000000 224.000000
21.750000 252.000000 176.000000
35.000000 366.000000 208.000000
16.500000 252.000000 155.000000
58.500000 499.000000 386.000000
16.750000 249.000000 116.000000
11.500000 226.000000 125.000000
37.000000 334.000000 250.000000
4.000000 151.000000 66.000000
32.000000 367.000000 222.000000
21.750000 318.000000 180.000000
14.000000 243.000000 130.000000
14.750000 214.000000 106.000000
34.000000 269.000000 227.000000
58.750000 442.000000 373.000000
41.250000 419.000000 275.000000
19.000000 296.000000 167.000000
2.500000 176.000000 72.000000
3.000000 109.000000 70.000000
25.000000 290.000000 197.000000
13.750000 255.000000 152.000000
35.750000 407.000000 276.000000
28.750000 305.000000 212.000000
82.750000 549.000000 494.000000
38.250000 330.000000 255.000000
40.250000 378.000000 275.000000
54.750000 512.000000 382.000000
13.000000 254.000000 131.000000
53.500000 431.000000 323.000000
-6.000000 116.000000 42.000000
14.250000 268.000000 169.000000
9.000000 175.000000 84.000000
47.250000 401.000000 299.000000
17.250000 282.000000 162.000000
25.500000 290.000000 194.000000
8.500000 215.000000 105.000000
44.250000 448.000000 315.000000
19.000000 257.000000 155.000000
27.750000 265.000000 197.000000
24.750000 293.000000 191.000000
20.750000 299.000000 169.000000
37.750000 362.000000 248.000000
30.000000 318.000000 213.000000
27.000000 285.000000 198.000000
19.000000 315.000000 159.000000
7.750000 225.000000 97.000000
11.750000 232.000000 114.000000
74.250000 488.000000 423.000000
34.500000 358.000000 264.000000
7.750000 232.000000 131.000000
32.750000 325.000000 224.000000
21.750000 252.000000 176.000000
35.000000 366.000000 208.000000
16.500000 252.000000 155.000000
58.500000 499.000000 386.000000
16.750000 249.000000 116.000000
11.500000 226.000000 125.000000
37.000000 334.000000 250.000000
4.000000 151.000000 66.000000
32.000000 367.000000 222.000000
21.750000 318.000000 180.000000
14.000000 243.000000 130.000000
14.750000 214.000000 106.000000
34.000000 269.000000 227.000000
58.750000 442.000000 373.000000
41.250000 419.000000 275.000000
19.000000 296.000000 167.000000
2.500000 176.000000 72.000000
3.000000 109.000000 70.000000
25.000000 290.000000 197.000000
13.750000 255.000000 152.000000
35.750000 407.000000 276.000000
28.750000 305.000000 212.000000
82.750000 549.000000 494.000000
38.250000 330.000000 255.000000
40.250000 378.000000 275.000000
54.750000 512.000000 382.000000
13.000000 254.000000 131.000000
53.500000 431.000000 323.000000
-6.000000 116.000000 42.000000
14.250000 268.000000 169.000000
9.000000 175.000000 84.000000
47.250000 401.000000 299.000000
17.250000 282.000000 162.000000
25.500000 290.000000 194.000000
8.500000 215.000000 105.000000
44.250000 448.000000 315.000000
19.000000 257.000000 155.000000
27.750000 265.000000 197.000000
24.750000 293.000000 191.000000
20.750000 299.000000 169.000000
37.750000 362.000000 248.000000
30.000000 318.000000 213.000000
27.000000 285.000000 198.000000
19.000000 315.000000 159.000000
7.750000 225.000000 97.000000
11.750000 232.000000 114.000000
74.250000 488.000000 423.000000
34.500000 358.000000 264.000000
7.750000 232.000000 131.000000
32.750000 325.000000 224.000000
21.750000 252.000000 176.000000
35.000000 366.000000 208.000000
16.500000 252.000000 155.000000
58.500000 499.000000 386.000000
16.750000 249.000000 116.000000
11.500000 226.000000 125.000000
37.000000 334.000000 250.000000
4.000000 151.000000 66.000000
32.000000 367.000000 222.000000
21.750000 318.000000 180.000000
14.000000 243.000000 130.000000
14.750000 214.000000 106.000000
34.000000 269.000000 227.000000
58.750000 442.000000 373.000000
41.250000 419.000000 275.000000
19.000000 296.000000 167.000000
2.500000 176.000000 72.000000
3.000000 109.000000 70.000000
25.000000 290.000000 197.000000
13.750000 255.000000 152.000000
35.750000 407.000000 276.000000
28.750000 305.000000 212.000000
82.750000 549.000000 494.000000
38.250000 330.000000 255.000000
40.250000 378.000000 275.000000
54.750000 512.000000 382.000000
13.000000 254.000000 131.000000
53.500000 431.000000 323.000000
-6.000000 116.000000 42.000000
14.250000 268.000000 169.000000
9.000000 175.000000 84.000000
47.250000 401.000000 299.000000
17.250000 282.000000 162.000000
25.500000 290.000000 194.000000
8.500000 215.000000 105.000000
44.250000 448.000000 315.000000
19.000000 257.000000 155.000000
27.750000 265.000000 197.000000
24.750000 293.000000 191.000000
20.750000 299.000000 169.000000
37.750000 362.000000 248.000000
30.000000 318.000000 213.000000
27.000000 285.000000 198.000000
19.000000 315.000000 159.000000
7.750000 225.000000 97.000000
11.750000 232.000000 114.000000
74.250000 488.000000 423.000000
34.500000 358.000000 264.000000
7.750000 232.000000 131.000000
32.750000 325.000000 224.000000
21.750000 252.000000 176.000000
35.000000 366.000000 208.000000
16.500000 252.000000 155.000000
58.500000 499.000000 386.000000
16.750000 249.000000 116.000000
11.500000 226.000000 125.000000
37.000000 334.000000 250.000000
4.000000 151.000000 66.000000
32.000000 367.000000 222.000000
21.750000 318.000000 180.000000
14.000000 243.000000 130.000000
14.750000 214.000000 106.000000
34.000000 269.000000 227.000000
58.750000 442.000000 373.000000
41.250000 419.000000 275.000000
19.000000 296.000000 167.000000
2.500000 176.000000 72.000000
3.000000 109.000000 70.000000
25.000000 290.000000 197.000000
13.750000 255.000000 152.000000
35.750000 407.000000 276.000000
28.750000 305.000000 212.000000
82.750000 549.000000 494.000000
38.250000 330.000000 255.000000
40.250000 378.000000 275.000000
54.750000 512.000000 382.000000
13.000000 254.000000 131.000000
53.500000 431.000000 323.000000
-6.000000 116.000000 42.000000
14.250000 268.000000 169.000000
9.000000 175.000000 84.000000
47.250000 401.000000 299.000000
17.250000 282.000000 162.000000
25.500000 290.000000 194.000000
8.500000 215.000000 105.000000
44.250000 448.000000 315.000000
19.000000 257.000000 155.000000
27.750000 265.000000 197.000000
24.750000 293.000000 191.000000
20.750000 299.000000 169.000000
37.750000 362.000000 248.000000
30.000000 318.000000 213.000000
27.000000 285.000000 198.000000
19.000000 315.000000 159.000000
7.750000 225.000000 97.000000
11.750000 232.000000 114.000000
74.250000 488.000000 423.000000
34.500000 358.000000 264.000000
7.750000 232.000000 131.000000
32.750000 325.000000 224.000000
21.750000 252.000000 176.000000
35.000000 366.000000 208.000000
16.500000 252.000000 155.000000
58.500000 499.000000 386.000000
16.750000 249.000000 116.000000
11.500000 226.000000 125.000000
37.000000 334.000000 250.000000
4.000000 151.000000 66.000000
32.000000 367.000000 222.000000
21.750000 318.000000 180.000000
14.000000 243.000000 130.000000
14.750000 214.000000 106.000000
34.000000 269.000000 227.000000
58.750000 442.000000 373.000000
41.250000 419.000000 275.000000
19.000000 296.000000 167.000000
2.500000 176.000000 72.000000
3.000000 109.000000 70.000000
25.000000 290.000000 197.000000
13.750000 255.000000 152.000000
35.750000 407.000000 276.000000
28.750000 305.000000 212.000000
82.750000 549.000000 494.000000
38.250000 330.000000 255.000000
40.250000 378.000000 275.000000
54.750000 512.000000 382.000000
13.000000 254.000000 131.000000
53.500000 431.000000 323.000000
-6.000000 116.000000 42.000000
14.250000 268.000000 169.000000
9.000000 175.000000 84.000000
47.250000 401.000000 299.000000
17.250000 282.000000 162.000000
25.500000 290.000000 194.000000
8.500000 215.000000 105.000000
44.250000 448.000000 315.000000
19.000000 257.000000 155.000000
27.750000 265.000000 197.000000
24.750000 293.000000 191.000000
20.750000 299.000000 169.000000
37.750000 362.000000 248.000000
30.000000 318.000000 213.000000
27.000000 285.000000 198.000000
19.000000 315.000000 159.000000
7.750000 225.000000 97.000000
11.750000 232.000000 114.000000
74.250000 488.000000 423.000000
34.500000 358.000000 264.000000
7.750000 232.000000 131.000000
32.750000 325.000000 224.000000
21.750000 252.000000 176.000000
35.000000 366.000000 208.000000
16.500000 252.000000 155.000000
58.500000 499.000000 386.000000
16.750000 249.000000 116.000000
11.500000 226.000000 125.000000
37.000000 334.000000 250.000000
4.000000 151.000000 66.000000
32.000000 367.000000 222.000000
21.750000 318.000000 180.000000
14.000000 243.000000 130.000000
14.750000 214.000000 106.000000
34.000000 269.000000 227.000000
58.750000 442.000000 373.000000
41.250000 419.000000 275.000000
19.000000 296.000000 167.000000
2.500000 176.000000 72.000000
3.000000 109.000000 70.000000
25.000000 290.000000 197.000000
13.750000 255.000000 152.000000
35.750000 407.000000 276.000000
28.750000 305.000000 212.000000
82.750000 549.000000 494.000000
38.250000 330.000000 255.000000
40.250000 378.000000 275.000000
54.750000 512.000000 382.000000
13.000000 254.000000 131.000000
53.500000 431.000000 323.000000
-6.000000 116.000000 42.000000
14.250000 268.000000 169.000000
9.000000 175.000000 84.000000
47.250000 401.000000 299.000000
17.250000 282.000000 162.000000
25.500000 290.000000 194.000000
8.500000 215.000000 105.000000
